131.96
131.59
131.03
131.03
131.99
132.8
134.66
136.17
136.17
138.58
138.01
137.01
138.06
138.06
140.15
139.5
139.46
140.87
140.87
141.21
141.68
141.47
140.72
140.72
141.24
141.73
142.84
144.14
144.14
144.15
143.42
142.46
144.14
144.14
143.27
143.12
143.12
143.63
143.63
144.61
144.61
146.9
147.55
147.55
148.53
147.32
145.91
145.62
145.62
145.6
145.11
144.69
145.19
145.19
145.19
145.23
144.38
144.43
144.43
143.79
143.31
143
143.69
143.69
144.47
145.31
146.77
147.37
147.37
147.77
147.97
147.97
147.97
147.97
149.21
149.49
149.49
149.49
149.49
153.38
155.78
155.31
153.92
153.92
152.77
152.77
151.65
151.02
151.02
151.86
151.97
150.98
150.33
150.33
148.78
148.78
147.38
147.52
147.52
147.52
147.88
147.88
147.88
147.88
147.88
145.99
145.18
144.65
144.65
143.85
143.42
142.53
142.81
142.81
143.57
143.99
143.99
144.42
144.42
145.94
145.94
148.14
147.35
147.35
146.52
146.52
147.17
148.86
148.86
148.86
148.86
148.32
148.49
148.32
148.78
147.97
147.97
147.97
147.97
147.25
147.2
147.2
147.2
147.2
146.81
146.35
146.35
146.35
146.35
145.62
144.93
144.41
143.23
143.23
142.06
140.83
141.86
142.8
142.8
142.85
142.85
142.85
142.85
142.85
140.3
138.16
138
139.31
139.31
139.75
139.41
138.9
138.52
138.52
138.52
137.22
136.27
136.27
136.27
131.48
128.52
127.51
128.1
128.1
127.15
125.11
123.07
121.35
121.35
118.79
118.93
122.2
122.09
122.09
122.09
123.73
122.72
121.86
121.86
122.28
120.98
132.45
118.33
118.33
117.66
117.09
117.85
118.33
118.33
119.19
119.32
119.33
120.48
120.48
119.53
117.65
116.38
116.38
116.38
114.94
113.42
111.74
113.21
113.21
113.08
112.43
112.43
112.27
112.27
113.09
115.03
116.46
118.02
118.02
119
120.59
123.08
124.06
124.06
123.67
121.55
119.5
117.8
117.8
117.9
118.62
118.03
117.61
117.61
116.32
116.2
118.12
117.92
117.92
116.45
116.45
116.45
115.23
115.23
115.23
115.23
114.56
113.3
113.3
112.18
112.14
112.47
111.75
111.75
111.83
112.06
113.5
115.25
115.25
115.88
115.18
115.03
115.89
115.89
117.99
117.84
117.88
119.61
119.61
121.23
120.76
121.44
121.98
121.98
121.23
120.62
120.65
122.34
122.34
125.24
125.52
125.46
125.63
125.63
125.63
124.71
126.27
126.33
126.33
125.45
125.47
125.47
125.47
125.47
123.29
122.05
123.19
122.88
122.88
122.88
122.88
121.02
120.12
120.12
120.12
121.78
121.78
121.78
121.78
121.83
121.28
120.5
120.18
120.18
121.46
120.56
120.83
121.85
121.85
123.88
124.46
124.71
125.8
125.8
127.86
127.29
127.54
127.5
127.5
125.01
124.56
124.56
124.53
124.53
123.95
123.78
123.78
123.56
123.56
123.56
121.3
121.3
121.3
121.3
120.22
119.33
119.52
120.56
120.56
120.14
119.63
119.63
119.01
119.01
118.37
117.31
116.6
116.98
116.98
116.72
116.15
115.45
114.66
114.66
113.09
111.5
111.24
112.81
112.81
114.55
113.37
113.11
112.76
112.76
112.46
111.29
110.66
110.04
110.04
110.97
113.31
113.59
114.04
114.04
114.47
114.09
113.34
113.34
113.34
112.46
111.57
111.57
111.57
111.57
111.63
111.59
111.82
112.6
112.6
113.42
113.99
113.58
113.48
113.48
113.34
113.39
113.44
113.44
113.44
113.54
113.99
115.21
115.08
115.08
114.32
113.37
112.96
112.7
112.7
112.69
110.62
111.1
110.57
110.57
110.63
110.36
109.85
109.4
109.4
108.45
106.72
106.26
105.84
105.84
106.11
106.76
107.31
107.22
107.22
107.35
107.35
107.63
107.79
107.79
107.94
107.47
106.67
106.18
106.18
106.17
106.94
106.94
107.63
107.63
106.76
106.19
106.38
106.7
106.7
107.94
108.57
108.17
109.95
109.95
111.87
112.16
113.14
114.73
114.73
118.44
120.18
121.05
121.05
121.05
123.05
121.29
121.29
121.29
121.29
121.78
122.08
122.08
122.53
122.53
121.79
120.05
119.56
120.8
120.8
119.55
119.58
120.1
121.28
121.28
122.13
121.66
120.96
119.94
119.94
119.94
119.94
119.94
119.94
119.94
119.85
119.85
119.85
114.82
114.82
114.82
113.77
112.51
111.99
111.99
110.55
108.52
107.91
108.98
108.98
110.08
110.71
110.27
110
110
110.94
111.83
110.88
109.81
109.81
110.89
110.27
109.41
108.99
108.99
108.08
108.07
108.04
107.97
107.97
107.62
106.7
105.86
105.85
105.85
105.85
105.29
104.72
104.59
104.59
104.84
104.27
103.6
102.82
102.82
102.33
101.49
102.02
102.57
102.57
102.48
102.49
102.63
102.63
102.63
102.41
102.15
101.32
100.42
100.42
99.05
97.48
96.13
96.7
96.7
97.87
98.63
98.29
97.83
97.83
97.56
98.35
98.35
98.35
98.35
100.04
101.16
101.3
102.97
102.97
106.08
106.27
106.45
108.61
108.61
112.25
113.2
114.88
116.14
116.14
113.71
112.28
113.12
111.52
111.52
109.85
109.06
109.47
108.49
108.49
107.4
106.78
106.78
106.58
106.58
106.32
105.64
105.04
104.56
104.56
102.89
101.1
99.75
101.01
101.01
102.1
102.84
102.84
102.75
102.75
102.23
100.88
99.88
99.62
99.62
99.62
99.16
99.16
99.16
99.16
99.77
99.42
98.99
98.22
98.22
97.04
97.23
97.56
98.4
98.4
99.27
100.1
99.92
99.87
99.87
99.35
99.11
98.37
97.98
97.98
97.4
96.78
96.86
97.09
97.09
97.09
99.06
100.14
99.87
99.87
99.18
98
98
96.54
96.54
95.96
95.85
95.58
95.13
95.13
94.36
93.56
92.25
91.97
91.97
92.04
91.85
91.51
91.59
91.59
92.57
93.15
93.6
94
94
94.22
94.45
94.52
94.55
94.55
94.43
94.43
93.36
92.68
92.68
91.87
91.11
90.49
89.97
89.97
89.97
89.39
88.7
87.78
87.78
86.81
85.49
84.37
83.71
83.71
84.83
85.39
86.01
86.28
86.28
86.28
88.89
89.91
89.76
89.76
88.56
87.03
83.22
87.68
87.68
83.29
90.98
91.43
93.71
93.71
91.57
92.12
92.12
92.12
92.12
89.42
88.89
89.37
88.9
88.9
87.87
87.87
86.56
86.32
86.32
85.98
85.98
86.15
85.28
85.28
84.03
82.84
82.69
82.69
82.69
82.69
82.55
82.32
82.32
81.46
81.46
79.89
79.89
78.18
78.18
78.68
79.91
79.52
78.74
78.74
78.73
78.83
79.55
79.63
79.63
78.56
77.4
76.73
77.48
77.48
77.75
77.05
76.73
76.55
76.55
76.22
75.73
75.1
74
74
76.09
76.69
77.34
78.44
78.44
81
80.11
80.47
81.24
81.24
84.22
83.9
83.56
82.49
82.49
80.89
80.72
81.13
79.87
79.87
79.1
78.82
79.43
79.43
79.43
78.3
77.99
77.99
78.02
78.02
77
76.86
76.58
76.45
76.45
76.13
75.7
75.7
75.7
75.7
74.78
73.52
72.68
73.55
73.55
75.49
75.81
76.15
76.93
76.93
76.49
76.01
75.95
76.43
76.43
76.04
75.7
75.15
74.47
74.47
73.43
73.39
73.25
73.25
73.25
72.95
72.4
72.23
72.19
72.19
72.46
72.56
72.78
72.77
72.77
73.19
73.01
71.96
71.51
71.51
71.33
71.33
71.33
71.02
71.02
73.12
73.12
75.84
76.03
76.03
75.31
73.66
72.77
72.77
72.77
73.25
73.13
72.74
72.79
72.79
73.3
73.08
72.64
72.37
72.37
71.84
71.25
71.44
70.15
70.15
69.89
69.49
69.03
68.85
68.85
67.95
66.93
65.72
64.47
64.47
62.89
61.79
61.79
61.79
61.79
61.79
61.79
61.79
61.79
61.79
61.79
61.79
61.79
61.79
65.06
63.88
63.58
63.67
63.52
63.52
63.24
62.73
62.08
61.15
61.15
60.77
60.55
60.7
60.52
60.52
59.99
59.29
58.46
57.35
57.35
56.41
56.36
57.26
57.04
57.04
55.67
55.11
54.92
54.85
54.85
54.45
54.04
53.36
53.11
53.11
53.63
53.63
53.77
53.58
53.58
53.48
52.94
52.37
52.14
52.14
52.32
53.18
53.51
53.98
53.98
53.98
55.29
57.14
58.24
58.24
59.53
59.53
58.92
58.04
58.04
57.15
56.77
56.48
55.94
55.94
55.18
54.37
53.88
54.37
54.37
54.17
53.44
52.81
52.62
52.62
52.33
52
52
51.77
51.77
51.88
51.82
51.88
52.27
52.27
53.35
53.89
54.79
56.15
56.15
56.83
55.88
55.2
55.36
55.36
54.71
54.33
54.02
54.02
54.02
54.75
54.36
53.69
53.71
53.71
53.3
52.93
52.63
52.75
52.75
52.56
52.35
52.53
52.93
52.93
53.05
53.07
52.99
53.03
53.03
52.88
52.65
52.5
52.32
52.32
51.93
51.8
51.55
51.51
51.51
51.52
51.45
51.21
51.17
51.17
50.9
50.54
50.24
50.49
50.49
50.12
49.6
49.28
49.25
49.25
49.15
49.06
48.92
48.65
48.65
48.7
49
49
49
49
49.28
50.08
50.86
51.48
51.48
50.72
50.27
50.15
50.24
50.24
50.8
52.33
52.32
52.07
52.07
52.01
53.18
52.47
52.47
52.47
54.25
54.8
55.32
55.72
55.72
55.91
56.4
58.22
60.43
60.43
61.33
61.07
59.82
58.94
58.94
57.82
56.8
57.46
57.66
57.66
57.04
57.12
57.12
57.39
57.39
57.25
57.11
57.33
57.56
57.56
57.67
57.67
57.94
58.08
58.08
57.76
57.76
57.45
57.22
57.22
56.69
56.5
56.43
56.58
56.58
56.46
56.46
56.24
56.38
56.38
56.69
56.66
57.21
57.7
57.7
57.3
56.92
56.7
56.57
56.57
56.67
57.11
57.6
56.87
56.87
56.87
56.83
57.61
58.56
58.56
58.52
58.26
57.92
57.65
57.65
57.29
56.83
56.72
56.72
56.72
56.72
56.72
56.38
56.27
56.27
56.24
56.16
56.16
56.41
56.41
56.5
56.73
56.82
56.41
56.41
56.59
56.69
56.97
56.87
56.87
56.52
56.2
55.76
55.64
55.64
55.48
55.34
55.15
55.18
55.18
54.84
54.42
54.42
54.47
54.47
54.14
53.91
53.87
54.06
54.06
53.95
53.82
53.82
53.68
53.68
52.9
52.38
52.55
52.84
52.84
53.33
54.43
54.22
53.65
53.65
53.52
53.52
53.32
53.08
53.08
52.43
52.02
52.02
51.87
51.87
51.41
50.9
50.52
50.6
50.6
50.23
49.87
49.17
49.24
49.24
47.38
50.17
50.34
50.12
50.12
50.69
51.15
50.77
50.77
50.77
50.34
49.92
49.76
49.76
49.76
49.42
49.17
49.14
49.11
49.11
48.94
49.07
48.9
49.48
49.48
49.48
48.75
48.11
47.83
47.83
47.6
47.2
46.92
46.59
46.59
46.75
47.17
47.49
47.44
47.44
47.18
46.95
46.79
46.77
46.77
46.68
47.47
47.87
47.76
47.76
48.15
48.85
49.76
49.62
49.62
49.78
50.22
50.19
49.04
49.04
49.11
49.11
49.66
49.67
49.67
49.53
49.15
49.15
51.74
51.74
54.31
55.46
56.02
55.5
55.5
54.66
54.77
54.74
54.21
54.21
53.61
52.92
52.54
52.94
52.94
53.68
53.64
54.2
54.26
54.26
54.26
52.85
53.15
53.68
53.68
52.94
52.95
52.95
52.95
52.95
52.58
51.95
51.45
51.45
51.45
50.8
50.8
50.45
50.45
50.45
50.45
50.12
50.17
50.3
50.3
50.48
51.35
51.54
51.21
51.21
51.21
51.01
51
51
51
50.85
50.85
50.36
50.02
50.02
49.41
49.16
49.11
48.99
48.99
48.56
48.29
48.31
48.33
48.33
48.22
48.28
48.28
48.27
48.27
48.35
48.41
48.52
48.75
48.75
48.75
49.58
49.32
49.07
49.07
48.77
48.66
48.27
48.27
48.27
47.25
46.72
46.22
45.79
45.79
45.56
45.92
46.1
46.24
46.24
46.44
46.44
46.51
46.9
46.9
47.26
47.21
47.12
47.04
47.04
46.93
46.52
46.19
46.18
46.18
46.25
46.25
46.34
46.74
46.68
47.38
47.73
47.66
47.46
47.46
47.52
47.3
47.24
47.28
47.28
47.05
46.83
46.46
46.4
46.4
45.75
45.75
45.65
45.61
45.61
45.81
45.66
45.63
45.63
45.63
45.44
45.23
45.22
45.12
45.12
45.02
44.64
44.44
44.31
44.31
44.4
44.58
44.91
44.91
44.91
44.91
44.71
44.48
44.42
44.42
43.9
43.71
43.49
43.33
43.33
42.86
42.43
42.43
41.78
41.78
41.91
41.95
42.07
42.07
42.07
41.97
41.77
41.55
41.3
41.3
40.92
40.76
40.71
40.67
40.67
40.68
40.7
40.59
40.46
40.46
40.4
40.55
40.78
41.3
41.3
41.3
41.24
41.09
40.97
40.97
40.78
40.54
40.37
40.45
40.45
40.45
41.02
41.4
41.86
41.86
41.86
42.17
42.08
42.07
42.07
41.65
41.64
41.67
41.64
41.64
41.57
41.75
42.29
42.79
42.79
42.38
42.17
42.16
42.13
42.13
42.04
41.92
42.01
42.06
42.06
41.94
41.94
41.96
42.22
42.22
42.28
42.26
42.41
42.65
42.65
42.91
43.21
43.24
42.99
42.99
42.75
42.62
42.87
43.21
43.21
43.19
43.01
42.84
42.89
42.89
42.62
42.46
42.44
42.35
42.35
42.05
42.05
41.85
41.88
41.88
41.75
41.73
41.65
41.76
41.76
41.92
42
42
42
42
41.37
41.81
41.65
41.56
41.56
41.46
41.41
41.29
41.08
41.08
40.73
40.47
40.24
40.07
40.07
39.96
39.85
39.85
39.8
39.8
39.55
39.55
39.45
39.33
39.33
39.25
39.32
39.32
39.36
39.36
39.38
39.69
40.09
40.22
40.22
40.47
40.73
40.67
40.79
40.79
40.85
41.01
41.01
41.09
41.09
41.3
41.77
42.17
42.38
42.38
42.29
42.11
42.08
41.93
41.93
41.95
42.17
42.38
42.37
42.37
42.41
42.66
43.2
43.04
43.04
42.86
42.81
42.98
43.03
43.03
43.37
43.21
43.03
43.05
43.05
43.32
43.38
43.49
43.49
43.49
43.45
43.52
43.47
43.52
43.52
43.63
43.43
43.51
43.58
43.58
43.56
43.63
43.63
43.63
43.63
43.91
44.1
44.46
44.71
45.55
44.67
44.29
44.13
44.21
44.21
44.31
44.43
44.78
44.99
44.99
44.99
46.13
46.02
45.95
45.95
46.53
46.48
46.21
46.04
46
45.58
45.48
45.33
45.64
45.64
45.74
46.01
46.26
46.25
46.25
46.25
46.25
46.27
46.17
46.17
45.98
45.97
45.97
46.09
46.09
46.07
46.15
46.1
45.98
45.98
45.89
45.78
45.78
45.67
45.67
45.42
45.59
45.67
45.63
45.63
45.3
45
44.74
44.39
44.39
43.99
44.24
44.35
44.6
44.6
44.57
44.45
44.24
44.3
44.3
44.2
44.05
43.93
44.31
44.04
44.16
44.41
44.41
44.24
44.24
44.22
44.11
43.83
43.77
43.77
43.9
43.87
43.87
43.87
43.87
44.42
44.42
44.42
44.62
44.62
44.62
45.31
45.48
45.39
45.39
45.42
45.48
45.53
45.57
45.57
46.23
46.33
46.42
46.7
46.7
46.75
47.01
47.29
47.89
47.89
48.22
48.51
48.5
48.84
48.84
49.1
49.61
50
50.6
50.6
50.75
50.15
49.84
49.76
49.75
49.64
49.9
50.19
50.24
50.24
50.12
49.68
49.32
49.47
49.47
49.79
50.23
50.14
50.02
50.02
49.88
49.79
49.79
49.81
49.79
49.6
49.53
49.64
50
50
50.16
50.13
49.8
49.67
49.67
49.9
49.94
49.88
49.95
49.95
49.97
50.15
50.15
50.15
50.15
50.37
50.46
50.55
50.79
50.77
51.21
51.67
51.66
51.66
51.66
51.43
51.43
51.7
52.18
52.18
52.3
52.38
52.58
52.58
52.54
53.02
52.22
52.81
53.25
53.25
52.87
52.98
52.96
53.24
53.24
53.92
54.5
54.93
55.17
55.17
56.42
58.39
59.96
61.52
61.52
62.79
62.81
62.81
62.08
62.08
60.66
60.57
61.04
61.16
61.16
60.52
59.78
58.89
59.12
59.12
59.25
59.34
59.17
58.81
58.81
58.32
58.05
58.07
58.32
58.32
58.87
58.87
60.42
60.23
60.23
59.87
59.87
60.32
60.97
60.97
61.69
61.77
61.82
61.78
61.78
61.65
61.81
62.35
62.57
62.57
62.82
63.16
63.71
64.23
64.23
64.61
64.81
64.74
64.41
64.4
64.02
63.94
64.53
64.8
64.8
64.91
64.63
63.6
63.09
63.09
62.95
62.93
63.16
63.18
63.18
62.84
62.21
61.54
61.43
61.43
60.61
60.98
60.83
60.31
60.27
59.34
58.14
57.96
58.97
58.97
59.13
58.95
58.63
58.3
58.27
57.65
57.74
57.77
57.12
57.12
56.42
55.43
55.6
56.76
56.76
56.76
56.28
56.14
56.82
56.82
56.73
56.5
56.79
57.97
57.96
57.7
57.16
57.34
57.45
57.43
57.46
57.48
57.3
57.2
57.2
57.25
56.97
56.23
55.72
55.72
55.72
55.18
55.05
54.96
54.96
54.65
54.2
54.11
54.27
54.27
54.53
54.61
54.61
54.61
54.61
54.86
55.11
55.08
55.08
55.08
54.62
54.62
54.71
55.16
55.13
55.82
56.1
56.34
56.7
56.7
57.29
58.11
57.99
57.7
57.7
57.35
57.49
57.86
57.41
57.41
57.35
58.09
58.36
58.19
58.19
59.18
59.12
59.07
58.62
58.62
58.25
58.21
58.07
57.78
57.78
57.67
57.56
57.88
58
58
58.05
57.96
57.8
57.46
57.46
56.54
56.25
56.8
57.08
57.08
57.06
56.78
56.57
56.57
56.57
56.13
55.67
55.74
55.81
55.81
55.86
55.8
55.91
56.21
56.21
56.55
56.5
56.5
56.5
56.5
56.34
55.97
55.79
55.89
55.85
55.6
55.51
55.61
55.6
55.57
55.47
55.51
55.4
55.45
55.45
55.62
55.52
55.52
55.73
55.73
55.69
55.79
55.82
55.63
55.63
54.86
54.67
54.59
54.67
54.67
54.78
54.09
54.09
54.27
54.27
55.02
55.21
55.47
55.64
55.64
55.43
55.11
55.11
55.19
55.19
55.18
55.11
55
54.66
54.66
53.59
52.98
52.75
52.87
52.87
52.87
52.32
51.38
50.58
50.56
49.89
49
48.45
48.08
48.03
47.7
48.01
48.9
49.03
49.03
49.15
49.35
49.73
49.98
49.98
50.36
50.95
51.31
51.32
51.32
51.25
51.12
51.09
50.73
50.73
50.06
49.53
48.96
48.68
48.68
48.98
49.52
49.86
49.7
49.7
49.54
49.33
49.18
48.99
48.99
47.75
47.2
47.31
47.97
47.92
47.98
47.21
46.63
46.13
46.1
45.45
45.12
44.79
45.22
45.22
44.5
44.84
45.12
44.98
44.98
44.66
44.25
43.95
44.57
44.57
44.96
44.94
46.1
46.26
46.26
46.26
46.37
46.22
45.93
45.93
45.44
45.22
45.05
45.33
45.33
45.35
45.34
45.67
45.82
45.82
45.77
45.81
46.06
46.61
46.59
46.59
47.82
48.11
48.25
48.25
48.27
48.3
47.8
46.99
46.99
46.75
47.23
47.08
46.58
46.58
46.75
46.75
46.46
46.14
46.14
45.38
45.38
44.57
44.17
44.17
43.6
43.49
43.6
43.9
43.9
44.76
45.12
45.1
45.1
45.1
44.57
44.87
45.08
45.08
45.08
44.83
44.53
44.52
44.52
44.52
44.32
44.51
44.52
44.82
44.82
45.21
45.83
46.01
45.63
45.63
45.37
45.23
45.46
45.8
45.8
47.11
46.95
46.56
46.82
46.82
46.7
46.6
46.43
46.62
46.62
46.22
46.16
46.55
46.61
46.61
46.53
46.55
46.1
46.37
46.37
46.47
46.66
47.04
47.44
47.44
48.86
48.7
48.89
49.02
49.02
48.64
48.68
49.07
49.8
49.8
50.5
50.82
50.66
50.6
50.6
50.61
50.66
50.66
50.66
50.66
51.1
51.82
52.11
52.29
52.29
52.67
53.23
52.22
51.27
51.27
50.26
49.52
49.97
49.99
49.99
49.31
49
49.01
49.43
49.43
49.65
49.81
50.68
51.06
51.06
52.15
52.29
52.09
51.99
51.99
51.79
51.68
51.92
52.2
52.2
52.43
52.72
52.88
52.73
52.73
52.64
52.64
52.13
51.59
51.59
51.48
51.57
51.91
51.97
51.97
52.11
52.46
52.8
52.91
52.91
52.84
52.86
52.69
52.64
52.64
52.52
52.43
52.31
52.48
52.48
52.58
52.87
53.11
53.51
53.51
54.11
54.38
54.11
53.94
53.94
53.88
54.03
54.09
54.25
54.25
54.21
54.25
53.98
53.98
53.98
54.03
53.98
54.02
53.78
53.78
53.81
53.88
53.61
53.23
53.23
53.13
53.06
53.17
53.21
53.21
53.07
52.88
52.4
51.92
51.92
51.54
51.17
50.97
50.97
50.97
51.07
51.2
51.52
51.52
51.52
52.16
52.4
52.24
52.01
52.01
51.57
51.74
52.05
52.23
52.23
52.31
52.21
52.32
52.57
52.57
52.47
52.71
52.91
53.39
53.39
53.94
53.94
54.62
54.47
54.47
54.72
54.98
54.86
54.83
54.83
54.95
55.18
55.56
56.45
56.45
56.45
57.52
57.7
57.84
57.84
58.14
58.14
58.22
57.71
57.71
57.1
57.38
57.67
57.33
57.33
56.58
56.12
56.07
56.23
56.23
56.26
56.36
56.27
56.33
56.33
56.04
55.63
55.63
55.22
55.22
54.59
54.29
54.08
53.86
53.86
53.31
53.26
53.09
52.76
52.76
52.35
52.12
52.44
52.54
52.54
53.18
53.53
53.74
53.74
53.74
54.32
54.88
55.53
55.82
55.82
57.04
56.61
56.87
57.27
57.27
57.27
57.4
57.32
57.44
57.44
57.37
57.14
57.05
57.05
57.05
57.46
57.39
57.98
58.79
58.79
59.57
60.21
60.78
61.51
61.51
62.62
62.1
61.98
61.68
61.68
61.17
61.53
62.09
62.85
62.85
63.26
63.14
63.14
62.17
62.17
61.44
61.25
61.65
61.59
61.59
61.28
61.37
61.58
61.87
61.87
62.4
62.5
62.57
62.36
62.36
61.79
61.4
61.11
61.17
61.17
61.35
61.37
61.22
61.13
61.13
60.82
60.68
60.68
60.68
60.68
60.25
60.14
60.62
61.17
61.17
61.17
61.73
62.34
62.38
62.38
62.88
63.28
63.4
63.63
63.63
63.63
63.84
63.66
63.39
63.39
63.3
63.01
62.93
62.96
62.96
62.77
62.9
62.57
62.25
62.4
63.1
63.76
63.9
63.82
63.76
64.14
64.37
64.1
63.85
64.13
64.14
64.03
64.03
63.61
63.43
63.45
63.84
64.09
64.44
65.4
66.1
66.66
66.57
66.72
67.03
67.46
67.66
67.6
67.07
66.53
66.79
66.87
66.96
67.1
67.34
67.66
67.66
68.21
68.78
69.66
71.07
71.37
71.72
73
74.11
73.75
73.68
73.21
72.62
71.72
71.07
71.07
71.89
72.27
73.26
73.51
73.39
73.24
73.07
72.36
72.21
72.33
72.8
72.76
72.81
73.62
74.84
74.78
75.1
76.04
76.28
76.57
76.67
76.23
77.14
77.44
77.24
77.2
77.03
77.29
77.22
76.93
77.12
77.82
79.01
79.17
79.85
80.39
80.63
81.18
80.59
79.36
78.72
78.72
79.62
79.69
78.72
77.68
76.68
75.83
76.23
76.77
76.17
76.06
75.67
74.51
74.19
74.19
74.8
75.02
74.55
73.74
72.91
72.91
73.14
72.65
72.34
72.53
73.51
74.43
75.16
75.1
75.1
75.9
76.06
75.62
75.75
75.67
75.16
74.52
73.79
73.42
72.67
71
71.98
72.18
72.31
72.6
72.85
73.48
74.42
74.17
73.65
73.43
73.42
73.42
73.51
73.71
73.9
73.9
73.9
75
75.86
77.27
77.71
77.6
77.56
78.63
79.08
79.57
80.45
80.46
80.73
81.46
81.49
80.66
80.79
81.4
81.76
83.16
84.12
83.72
84.91
85.94
86.77
84.72
85.2
83.33
82.77
83.86
84.41
84.61
85.4
85.68
85.9
85.14
85.12
84.6
84.44
83.78
83.44
84.07
83.14
83.29
83.8
83.31
82.9
82.14
82.16
82.89
82.81
82.3
82.07
82.46
82.71
82.71
82.76
82.58
82.24
82.27
82.65
82.14
82.06
82.57
82.75
82.77
82.57
82.57
82.57
82.89
82.76
82.34
81.77
81.14
80.62
80.87
81.93
81.41
81.16
81.41
81.31
80.92
80.59
80.36
80.35
80.57
80.57
80.57
81.11
81.12
81.16
81.65
82.3
82.16
82.23
82.4
82.4
82.34
82.03
81.79
81.86
82.28
82.22
81.82
81.47
81.01
80.73
81.11
80.99
81.48
81.8
81.67
81.67
81.53
81.4
81.07
80.74
80.65
80.19
79.28
78.73
78.66
78.92
78.79
78.56
77.67
77.59
77.75
78.55
79.54
80.02
81.05
81.02
80.13
81.75
81.92
81.71
81.68
81.27
81.41
81.58
81.58
81.21
81.06
80.91
80.81
81.45
81.45
81.81
82.61
82.66
82.76
82.26
82
81.71
81.63
81.58
81.51
81.3
81.41
81.49
81.78
81.78
82.35
82.72
82.62
82.71
82.22
81.97
82.03
82.02
81.83
81.83
81.7
81.89
81.88
81.8
81.67
81.61
81.55
81.28
81.05
81.09
80.93
81.06
80.89
80.56
80.55
80.47
80.11
80.01
79.74
79.96
80.88
82.44
82.62
83.45
83.75
84.8
85.54
85.54
85.88
86.36
86.48
87.61
89.11
90.51
90.73
91.6
92.09
92.57
93.1
92.93
93.02
92.99
92.33
91.36
91.84
91.84
91.94
91.95
92.95
93.16
92.97
93.78
96.5
98.21
98.12
98.35
99.53
100.4
101.05
101.5
101.04
100.33
99.48
99.25
98.74
98.17
98.34
98.43
98.22
97.92
97.15
96.53
97.07
97.84
98.57
99.65
101.73
101.12
100.49
99.65
99.23
99.65
99.65
99.65
99.29
99.08
100
100
100
100
100.83
100.83
101.78
103.07
103.45
104.67
106.98
108.55
109.32
110.8
112.4
113.11
111.7
111.25
110.01
108.88
108.76
108.15
107.56
108.66
109.83
110.72
111.34
110.29
110.04
110.06
110.39
111.25
112.56
112.34
111.89
110.82
110.59
111.48
112.62
114.81
117.85
119.62
120.75
124.26
129.52
135.04
137.27
136.39
132.26
132.32
136.58
139.66
143.45
150.23
154.42
150.72
148.99
150.1
152.41
156.06
152.81
154.89
156.53
156.53
156.53
159.97
162.56
162.24
161.84
158.9
159.13
158.07
155.05
154.3
156.61
159.67
159.3
160.39
163.13
165.57
170.9
173.44
172.36
170.92
173.92
177.03
179.82
180.43
180.43
180.43
184.51
187.83
184.16
185.82
190.96
194.77
191.29
192.75
192.75
189.9
183.07
178.09
178.17
176.1
172.98
172.73
170.86
170.08
177.27
183.04
183.26
184.04
181.53
178.72
176.78
176.2
176.66
176.18
174.66
172.71
172.08
175.84
177.98
179.47
181.66
181.83
178.28
177.16
175.52
173.22
172.15
170.82
169.11
169.25
169.58
173.09
175.62
174.42
174.12
174.09
173.22
171.69
171.18
171.23
173.23
173.2
172.15
172.18
172.33
172.33
171.83
173.09
173.69
174.79
178.25
184.21
184.96
185.49
183.1
183.26
184.36
186.17
187.88
191.68
191.68
196.15
195.27
192.89
192.5
193.92
196.47
195.75
195.2
195.44
195.91
199.03
203.74
203.81
204.23
204.18
204.18
203.91
203.69
200.97
196.4
190.41
192.07
192.6
192.95
192.89
192.5
191.37
189.19
189.37
191.91
199.23
197.91
199.41
200.68
200.88
202.57
200.38
200.79
199.15
198.45
198.75
199.12
199.08
198.96
199.21
196.34
195.18
192.28
191.6
191.68
188.61
184.03
181.94
181.87
183
185.85
186.69
184.22
182.67
183.31
183
179.2
175.13
175.9
172.8
171.3
172.19
178.51
182.66
184.94
187.58
185.68
189.46
191.32
191.52
190.08
189.14
191.32
192.33
193.42
193.42
198.36
200.1
198.44
199.61
202.6
203.62
204.1
206.78
208.83
207.6
205.44
205.44
205.44
205.25
207.8
208.31
208.31
208.31
212.04
216.98
216.98
217.39
216.89
222
228.47
232.91
231.52
236.43
234.31
235.91
238.47
241.06
241.74
242.91
241.47
244.41
247.35
248.45
245.1
245.91
249.66
251.43
247.51
241.2
241.2
238.39
230.08
226.91
228.83
237.37
246.28
248.99
249.53
252.18
255.95
252.1
244.99
248.14
252.41
253.91
247.43
245.95
244.31
241.37
240.79
236.04
232.43
230.93
230.87
234.18
231.52
230.66
230.66
229.87
227.7
225.95
225.02
224.75
227.31
229.02
225.29
223.91
222.81
222.23
220.79
221.27
221.54
222.68
228.47
234.95
234.33
233.27
233.27
233.27
233.27
233.7
237.95
233.66
229.77
226.12
221.98
223.47
222.08
222.08
219.43
212.1
206.79
203.1
202.89
207.21
212.48
214.16
219.85
219.85
223.7
222.77
224.1
220.98
220.56
225.37
228.56
230.54
230.62
228.85
231.33
230.35
229.39
227.81
225.75
223.35
224.83
226.06
225.27
227.33
229.27
228.37
227.89
227.89
230.22
234.47
238.91
239.14
240.78
242.83
246.87
247.58
246.24
244.79
243.39
248.2
250.33
254.55
257.78
256.7
258.2
258.03
255.74
256.93
260.37
264.39
263.07
262.01
262.7
264.16
270.87
276.61
281.11
284.36
287.91
293.95
294.57
288.38
283.3
286.95
292.78
292.57
291.9
289.18
290.76
291.68
288.76
285.34
286.22
286.34
289.09
292.05
295.86
302.45
308.82
312.96
313.51
314.76
309.69
305.26
311.65
312.3
306.92
306.47
310.34
316.42
316.11
319.61
321.26
317.05
317.01
310.86
309.94
310.2
309.82
309.59
310.24
311.24
312.96
318.55
325.44
328.36
324.11
322.57
323.88
323.88
321.19
316.13
310.22
307.53
302.51
285.16
280.24
279.05
269.82
255
241.85
234.06
212.35
222.68
238.68
239.56
231.62
230.97
231.41
231.41
221
216.08
219.95
223.72
226.39
223.39
220.14
217.87
209.06
212.27
209.25
212.48
212.54
214.46
216.29
211.54
207.5
203.46
201.08
201.96
201.96
205.52
210.79
206.98
211.85
212.48
219.48
225.83
227.37
233.27
233.74
234.2
224.43
224.43
224.43
223.39
227.18
227.18
227.18
225.5
234.43
234.43
239.22
243.06
234.22
235.49
233.75
235.88
237.31
249.17
247.22
245.92
242.95
245.2
250.03
250.65
247.97
247.92
249.33
250.42
247.74
246.31
245.67
246.49
247.35
245.06
244.83
246.92
247.67
247.47
249.03
250.67
251.51
250.65
250.56
251.33
251.44
251.44
251.53
254.12
257.83
261.33
263.48
263.37
266.73
266.71
267.82
267.73
265.46
265.1
266.85
268.59
268.03
270.87
274.3
271.21
273.75
275.5
274.02
269.37
269.37
270.91
270.91
270.91
270.91
272.87
271.75
274.09
274.43
277.41
280.32
280.77
281.14
273.32
274.87
272.87
272.39
269.75
271.37
273.5
272.32
271.68
270.91
270.59
270.59
271.82
273.32
272.32
272.32
272.48
270.73
269.23
264.28
266.96
269.21
272
272.87
271.28
271.73
270.59
270.87
271.23
271.18
272.39
276.52
281.48
286.25
286.25
291.34
294.93
295.17
294.38
296.38
297.08
300.74
299.7
301.63
300.04
298.11
297.86
296.22
295.83
297.45
297.17
297.88
296.58
297.58
297.63
297.02
296.4
294.95
294.27
294.2
294.02
295.02
295.99
295.65
295.15
294.58
294.43
291.36
291.06
291.34
290.7
290.7
290.4
290.77
291.49
292.86
295.77
296.42
297.27
298.24
299.83
300.95
300.9
297.76
294.49
293.7
293.7
291.97
293.43
294.11
293.38
291.97
290.81
289.38
289.36
287.77
286.18
284.36
282.75
280.5
278.02
280.48
281.32
280.14
279.39
278.11
275.93
275.11
276.18
278.2
277.86
278.91
276.91
276.64
275.21
273.52
273.32
273.71
275.23
277.75
281.27
283.68
282.75
282
282.32
282.79
284.54
285.09
285.09
283.98
283.77
284.7
285.63
283.66
284.2
287.52
291.86
291.49
291.04
289.84
288.93
290.31
290.31
291.43
291.99
293.22
293.54
293.08
293.08
291.31
289.47
285.57
285
285.68
283.45
282.79
283.41
282.52
282
282.52
283.77
283.5
282.23
281.57
280.66
276.89
275.66
275.66
276.64
276.64
277
278.09
277.7
277.43
277.23
277.5
278.61
279.5
277.95
276.25
273.71
273.71
273.74
273.07
272.96
274.43
276.05
276.02
273.36
273.44
273.44
274.32
274.35
276.19
277.89
280.33
283.27
283.93
283.57
283.73
283.07
278.16
278.05
279.53
280.44
280.66
283.73
283.1
278.79
280.22
279.42
280.36
279.86
279.59
279.56
279.26
277.42
275.61
274.9
274.35
273.2
273.17
272.67
274.1
273.36
272.54
270.83
269.46
268.61
269.24
270.31
270.81
272.32
273.28
274.32
276.16
278.68
280.71
280.11
279.7
279.1
278.44
277.26
278.03
278.03
278.03
278.46
279.4
280.25
280.93
282.75
287.63
291.25
291.61
292.95
294.13
297.29
296.25
295.29
293.94
292.87
294.9
295.84
296.47
296.52
296.03
295.95
296
295.95
296.3
297.29
297.29
297.29
300.23
300.83
301.41
303.33
303.76
303.57
303.25
303
303
303.88
303.99
305.44
306.24
310.24
310.82
309.2
309.2
310.27
312.69
313.12
313.18
312.36
310.35
309.39
309.15
311.29
313.54
314.52
316.14
315.9
313.76
311.64
309.61
310.38
310.54
311.15
310.05
309.04
309.75
310.85
312.08
312.05
309.58
308.05
306.84
305.06
303.46
302.45
302.31
303.35
303.93
303.96
304.7
303.35
302.2
301.38
302.5
302.59
302.83
302.31
301.74
300.78
302.23
303.93
305.69
306.4
307.77
308.76
309.78
311.29
311.81
311.78
311.75
311.78
311.78
311.42
312.11
313.18
314.74
315.81
315.76
318.5
320.18
322.4
322.51
320.73
320.18
322.46
325.2
325.42
324.57
324.76
327.52
328.22
327.72
328.93
327.33
324.82
324.68
324.9
324.68
325.2
326.27
327.45
328.55
328.22
326.38
325.5
325.8
324.87
324.62
323.31
323.22
323.03
322.32
322.76
322.76
322.4
301.27
311.12
308.73
310.35
314.83
314.55
313.18
309.31
308.43
304.81
304.89
307.25
307.25
308.6
305.99
304.86
301.6
301.13
301.13
300.39
300.47
299.24
295.7
294.79
296.3
299.35
297.98
299.16
300.14
301.13
304.1
305.66
304.56
303.6
303.77
305
305.55
305.55
304.56
304.56
303.85
303.35
303.03
303
303.25
302.48
300.69
298.11
296.47
298.11
298.11
296.88
296.77
296.93
296.8
296.8
297.55
301.43
302.85
299.18
298.23
298.41
297.22
296.16
295.27
290.96
287.29
288.03
286.49
286.13
285.92
282.6
278.83
279.13
276.61
277.85
279.49
278.92
281.74
283.19
287.26
291.35
288.27
288.47
286.52
285.47
283.34
282.6
283.05
283.55
282.96
281.86
276.34
276.88
273.82
269.19
272.13
273.41
271.51
271.18
271.74
271.24
271.33
271.18
273.44
273.38
272.25
269.58
270.14
269.02
268.84
267.12
265.72
264.69
255.67
258.58
258.13
257.78
256.5
254.04
248.17
248.97
249.62
250.57
252.82
255.61
257.06
260.15
260.15
260.15
265.34
265.34
276.49
275.66
277.97
281.12
275.48
276.22
274.8
272.25
272.22
272.22
272.22
273.79
275.22
276.91
279.13
279.99
281.24
282.21
285.69
285.69
286.34
285.06
283.96
282.51
283.25
282.87
282.48
281.41
280.61
281.41
283.76
284.85
283.96
286.63
288.06
286.46
285.45
284.59
285.39
286.28
286.16
285.45
284.23
283.37
282.96
284.74
286.81
289.3
290.76
292.3
293.69
295.15
295.8
297.25
298.68
300.1
299.12
298.23
300.84
302.77
302.29
305.59
306.57
309.74
308.11
303.45
303.9
305.17
299.98
301.55
301.67
299.33
296.33
293.84
294.17
294.94
291.97
279.93
262.4
271.5
266.47
267.41
266.35
258.99
260.65
260.65
264.03
256.83
256.11
247.13
245.82
234.79
237.78
251.4
255.76
253.74
257.27
257.72
254.72
250.21
246.8
242.32
241.34
246.27
242.41
240.51
235.95
233.42
230.1
224.76
225.06
224.14
221.2
216.31
210.41
209.58
212.04
209.37
213.7
223.64
222.57
219.34
219.28
222.84
219.54
217.59
216.22
216.22
218.03
219.45
222.95
228.95
232.45
234.7
241.08
240.16
240.69
236.66
235.65
232.53
232.12
232.12
228.5
229.33
229.54
228.53
226.42
226.42
231.5
231.7
230.73
231.2
231.64
233.45
232.62
231.91
232.21
230.84
227.52
228.06
228.23
227.58
228.77
233.93
232.53
234.64
234.64
239.45
241.2
240.13
241.17
241.2
238.23
233.99
234.52
233.66
227.31
227.91
227.91
227.91
224.5
222.15
223.25
223.25
223.25
220.39
221.46
221.4
221
218.07
224.97
218.3
218.41
213.7
214.5
214.5
228.59
225.71
222.6
220.91
219.81
223.32
225.3
227.18
226.81
232.22
231.18
230.73
235.39
237.07
237.54
239.61
240.62
245.89
246.38
247.16
248.88
252.03
256.98
256.36
255.13
256.67
260.24
267.41
262.68
264.08
264.13
261.83
263.03
264.13
271.83
272.59
277.03
282.88
280.74
280.4
283.6
286.99
289.22
289.22
281.61
282.68
278.28
279.84
282.23
284.29
284.29
284.29
286.7
286.43
286.18
282.08
281.47
279.91
280.6
279.04
280.09
281.09
282.84
282.68
284.26
284.11
283.91
279.58
280.16
281.5
281.32
276.83
276.47
275.74
275.74
275.74
278.39
278.68
280.04
279.55
282.55
284.71
285.22
286.85
286.45
287.43
283.68
286.07
285.47
284.69
285.63
283.39
283.35
282.43
282.19
282.81
284.22
287.26
287.61
288.26
287.5
284.82
285.85
286.36
286.07
284.38
284
284.2
283.3
279.24
277.48
278.5
278.39
278.08
278.59
278.79
274.8
276.45
275.56
272.5
274.26
273.01
268.93
268.79
267.54
264.08
267.36
269.82
270.8
268.93
266.11
266.49
268.32
270.58
268.64
267.81
268.19
269.73
269.51
269.35
271.2
273.03
275.45
271.99
273.06
271.76
270.18
270.11
270.91
271.29
271.29
270.65
248.32
257.3
266.49
267.94
269.98
273.66
272.74
271.9
271.43
273.17
274.8
274.55
274.62
274.35
273.35
272.3
270.6
269.91
271.32
272.34
272.07
271.83
272.61
272.99
276.61
278.12
277.46
277.86
276.43
274.55
274.4
271.96
269.02
267.41
265.31
266.96
266.18
266.58
266.36
264.51
263.06
263.55
265.47
264.84
265.06
266.43
268.59
267.54
265.06
263.44
265.38
264.77
264.64
263.77
263.77
258.5
258.95
256.87
254.51
257.72
256.87
254.93
252.85
249.53
249.75
246.09
245.62
246.98
245.89
245.78
242.74
244.19
244.24
246.71
246.42
243.14
245.64
245.75
244.68
244.68
244.68
240.91
237.96
238.97
240.24
237.69
236.67
234.95
231.82
232.72
231.69
231.69
231.69
231.69
237.31
242.11
246.24
246.24
238.43
243.65
243.65
246.68
248.38
253.21
253.09
252.49
253.31
258.5
256.68
253.92
252.64
252.62
251.36
251.07
251.16
253.41
255.06
253.87
253.8
255.03
255.42
257.15
257.42
256.61
256.11
256.14
259.04
259.51
258.75
258.77
259.24
261.41
260.23
261.04
258.95
260.35
259.54
262.34
264.68
266.51
266.36
265.55
265
262.98
261.97
262.34
263.55
263.23
259.76
260.18
258.87
259.22
258.55
258.55
258.38
256.19
255.84
254.05
255.57
256.71
256.11
255.47
253.28
252.67
250.55
248.87
248.92
246.07
246.31
249.84
247.67
249.17
252
252
252
253.43
252.84
251.41
249.59
250.03
249.93
249.17
249.79
248.73
248.73
249.05
249.17
250.11
251.46
254.91
259.04
257.91
260.82
261.38
261.38
260.62
259.76
259.88
260.45
259.76
258.7
258.9
258.01
259.04
261.06
260.65
262.61
260.42
258.06
254.64
253.8
250.87
251.34
249.27
248.41
246.88
248.78
248.06
246.51
249.49
246.41
243.7
239.99
241.73
243.29
239.12
238.31
235.45
236.05
239.44
236.74
236.29
233.61
235.92
235.7
235.75
234.54
231.07
228.88
223.54
217.87
220.56
216.1
214.03
213.24
211.82
211.35
215.93
215.68
216.32
216.15
217.77
217.87
217.45
215.71
213.86
209.57
205.76
205.49
207.58
209.08
208.66
208.27
208.69
210.24
207.6
205.66
203.76
205.46
205.61
204.97
206.37
209.82
216.3
216.42
215.56
212.7
210.02
207.65
208.81
214.94
213.88
211.25
210.98
214.97
210.78
207.56
205.22
198.15
199.77
195.02
193.62
192.95
186.01
186.28
179.48
183.15
186
192.71
193.91
193.91
192.68
191.65
191.18
193.96
195.32
200.09
198.67
200.05
201.18
200.02
198.74
197.53
196.62
198.47
197.78
199.65
200.14
199.92
199.16
199.16
199.23
198.12
200.37
202.66
203.81
206.77
212.04
215.48
212.75
212.04
210.22
211.94
214.77
215.29
213.86
212.01
209.33
211.4
211.67
211.67
211.67
211.37
212.21
212.33
215.53
215.31
214.84
213.74
215.66
218.51
219.82
218.14
218.14
218.14
215.07
214.92
215.12
214.25
214.25
215.6
220.53
220.53
220.12
220.16
219.37
219.11
220.06
223.98
228.69
230.08
229.57
234.07
234.09
232.18
230.1
233.23
231.75
229.57
229.95
229.72
233.98
236.4
237.82
238.82
239.17
235.03
234.26
237.54
236.36
236.7
233.45
232.5
233.51
233.25
232.38
227.92
227.9
228
232.89
236.66
235.61
235.91
235.85
238.52
240.54
241.14
240.35
240.45
237.41
237.73
235.5
234.95
236.15
236.15
232.76
234.35
234.48
235.65
238.65
239.79
241.5
241.29
239.66
237.65
237.28
236.68
235.89
235.89
235.89
236.49
239
240.05
239.08
239.83
244.12
243.62
242.45
245.7
247.03
246.19
243.95
244.69
242.98
244.37
244.42
243.52
242.9
242.77
241.29
240.39
242.21
241.85
251.81
253.89
252.96
256.89
255.19
255.41
256.33
256.67
258.9
259.33
262.58
258.77
257.19
258.56
259.59
259.95
261.24
256.82
253.91
256.29
257.55
257.91
258.49
259.89
260.64
261.04
264.77
263.66
264.92
262.82
262.01
258.6
258.9
258.04
259.84
260.31
259.39
257.42
257.83
257.66
258.77
258.56
258.34
259.5
260.04
259.31
258.11
257.85
259.11
258.21
258.99
260.4
261.64
262.35
263.87
268.18
269.96
272.74
271.11
270.6
270.19
271.37
270.92
271.63
274.18
278.48
281.22
281.22
286.86
290.46
291.96
291.89
291.1
293.84
297.81
299.52
302.97
304.88
303.12
295.09
296.31
294.36
292.88
294.94
294.38
292.02
288.47
285.15
288.68
283.32
283.39
285
288.85
287.54
283.02
282.4
281.35
284.97
286.77
286.62
287.27
287.46
286.15
289.04
291.51
291.08
292.58
294.23
294.23
294.83
296.74
298.73
300.61
300.38
303.31
305.18
310.28
308.61
307.13
303.81
306.55
308.2
308.2
307.17
308.39
306.7
300.04
299.54
299.54
300.66
300.57
300.04
300.89
302.93
306.93
306.16
304.53
299.8
297.36
294.51
296.78
297.91
295.54
292.94
298.54
300.81
304.15
304.15
304.92
304.92
308.09
308.05
308.46
305.22
305.07
307.51
308.61
314.22
316.58
317.84
322.06
322.06
323.71
319.34
314.56
319.19
322.77
327.16
324.61
324.22
324.22
325.51
328.03
333.39
330.84
331.26
336.39
336.16
338.36
343.23
341.62
341.3
339.01
342.94
348.4
348.62
352.34
358.31
351.27
353.47
354.79
356.47
349.17
353.98
353.4
351.3
347.98
345.82
346.69
346.07
347.98
345.46
338.36
339.62
342.85
337.29
336.33
339.46
332.68
325.16
329.81
335.16
341.1
338.46
336.2
335.71
333.36
338.88
338.88
340.17
339.97
337.2
333.87
334.42
335.36
330.58
329.39
327.32
324.48
319.48
319.48
319.48
310.18
319.03
322.16
322.51
325.58
328.13
328.68
325.29
321.64
318.86
310.8
313.6
309.73
311.12
318.96
318.99
322.06
325.38
323.58
325.22
325.22
317.35
311.57
316.25
318.22
314.41
320.99
321.48
327.16
329.03
334.2
334.91
336.78
334.94
338.2
337.91
336.52
330.45
332.52
330.9
330.81
327
321.38
324.16
326.29
327.06
323.54
324.87
323.29
325.51
321.03
322.38
317.8
311.31
307.79
302.6
296.98
300.76
305.02
299.14
298.17
302.34
303.47
300.14
299.08
300.82
295.11
291.43
291.65
293.56
296.04
298.72
301.4
302.66
302.79
304.95
305.92
304.4
304.34
307.05
307.05
312.15
311.18
309.54
313.7
319.38
320.8
320.25
320.03
322
323.48
320.99
321.06
318.38
312.89
312.89
311.18
311.02
307.08
306.18
303.21
304.24
306.15
308.12
310.54
314.47
313.18
312.02
307.12
303.95
299.5
295.08
298.27
305.18
305.18
298.72
301.82
300.37
304.44
301.21
300.43
296.72
294.79
294.46
298.82
297.17
297.24
301.98
298.5
297.46
294.69
295.72
290.07
290.4
291.46
294.82
295.75
295.75
303.18
301.5
301.31
296.69
296.53
296.08
293.14
293.24
289.3
288.65
291.01
295.33
296.3
296.3
293.24
295.5
296.82
294.08
293.85
293.85
299.34
299.24
301.73
305.24
302.76
301.79
302.21
304.37
302.37
299.72
301.63
302.92
303.69
299.76
301.56
300.53
301.92
304.66
304.66
304.21
304.21
302.11
300.18
299.72
299.34
297.43
297.95
296.37
293.46
291.59
291.2
292.88
292.88
284.62
283.59
280.33
285.01
285.81
288.06
288.26
283.73
283.73
279.59
278
275.35
275.95
279.05
282.44
281.9
282.22
283.19
280.96
275.95
277.8
279.45
282.1
282.47
281.36
281.45
283.96
284.7
288.46
290.08
288.91
287.6
289.11
289.46
286.95
289.14
288.29
285.3
284.24
281.7
281.87
280.62
282.99
281.19
277.94
278.88
279.99
283.93
281.22
280.76
274.41
269.36
265.43
267.23
267.37
270.3
267.65
269.65
267.25
267.25
267.57
266.57
264.06
265.2
267.08
265.71
264.23
269.53
268.85
268.65
272.87
275.01
273.64
275.21
276.63
275.92
276.49
276.49
276.49
278.4
276.35
274.75
274.58
276.06
276.49
276.94
278.34
282.47
284.04
284.04
284.04
289.86
292.28
292.11
297.38
299.4
300.71
299.92
296.81
296.81
295.98
295.1
294.47
293.59
298.15
300.46
302.2
297.29
295.38
293.59
294.87
294.84
296.92
297.72
298.6
298.12
297.07
298.15
296.35
293.99
295.5
295.47
295.01
294.3
294.99
293.93
293.3
294.87
296.61
296.55
296.41
294.44
293.67
293.7
294.3
295.84
296.24
295.27
302.03
303.25
306.78
306.36
304.65
303.36
305.47
302.82
300.46
299.26
300.49
303.36
304.62
305.67
307.27
305.93
307.21
308.41
314.22
313.54
315.34
315.93
314.94
313.85
315.42
317.84
316.87
316.87
318.9
317.53
317.62
317.47
315.93
315.65
317.13
317.5
315.82
314.08
313.91
310.77
312.31
312.46
312.37
314.39
313.74
315.11
316.73
317.81
318.98
318.5
317.24
315.14
316.48
315.85
314.65
308.69
305.36
307.04
303.74
302.54
305.84
304.39
302.48
302.82
301.65
297.69
294.36
295.36
297.38
297.38
302.4
301.08
300
301.4
300.26
296.38
290.11
290.85
294.93
292.99
291.62
294.5
296.21
296.21
296.89
295.9
293.53
297.98
298.55
298.55
296.84
297.01
299.35
298.52
301.57
300.12
302.14
303.36
307.92
308.61
311.97
312.29
310.46
311.49
311.8
314.54
313.51
314.05
314.05
313.17
313.17
314.34
314.28
312.8
314.05
315.56
314.57
311.66
317.39
319.13
319.9
319.9
319.64
312.8
317.24
320.07
320.07
325.03
328.01
329.03
327.34
327.82
327.24
324.52
323.75
326.06
325.99
327.46
328.33
329.67
330.54
330.28
328.17
330.34
331.43
329
325.61
327.85
330.34
331.88
330.57
327.34
328.3
328.68
325.7
327.5
327.91
330.92
330.7
334.99
335.15
334.79
334.47
338.67
340.78
340.87
339.75
340.68
345.13
345.55
345.87
329.03
324.1
329.38
332.01
332.74
327.94
327.66
327.5
328.49
327.5
330.22
330.22
335.11
337.64
336.2
340.11
338.6
340.04
339.4
341.64
342.06
343.56
345
345
345
341.42
344.59
346.67
344.81
347.02
347.02
349.61
350.25
351.63
355.79
357.93
357.07
358.13
359.95
361.78
360.46
358.41
358.41
358.41
356.43
356.53
354.54
351.95
352.81
356.14
356.62
357.1
357.1
357.01
360.37
362.96
363.95
361.71
362.64
362.83
363.79
365.01
364.14
361.71
360.72
359.57
361.84
362.58
366
363.34
366.26
370
372.37
371.6
371.28
370.67
371.92
371.09
369.65
372.08
373.84
374.07
372.88
371.03
373.27
375.25
373.46
371.35
373.01
368.94
369.07
370.58
368.24
366.16
363.41
358.29
352.69
354.09
356.69
358.19
353.45
355.69
351.37
354.03
350.28
347.63
347.02
350.6
355.44
361.58
362.38
360.01
357.87
357.61
354.32
353.42
354.64
354.25
354.25
356.24
353.26
354.03
352.14
354.48
357.45
355.31
357.81
358.48
355.69
353.97
354.45
352.01
349.32
348.36
349.16
350.89
352.14
351.95
354.16
358
359.82
358.38
357.39
358.03
358.8
358.89
361.78
365.04
367.76
366.45
368.27
370.1
371.83
370.48
372.27
372.75
373.33
371.95
371.15
370.9
372.69
377.52
374.77
376.82
380.82
383.22
383.38
381.75
383.41
382.8
381.68
379.03
375.89
375.73
375.73
376.34
380.69
384.69
385.14
384.76
384.24
387.06
388.05
389.94
389.72
389.78
390.81
391.35
391.41
394.2
397.43
398.49
395.96
400.31
404.18
405.72
411.42
408.86
409.53
409.53
407.07
411.26
405.27
404.18
403.13
410.97
409.56
415.93
423.42
428.57
431.01
431.01
431.01
440.06
440.51
443.42
444.77
444.77
434.54
445.39
445.39
447.57
453.93
453.98
456.42
464.16
464.12
462.56
467.32
474.75
477.59
479.68
475.81
474.66
464.16
458.2
466.47
461
459.49
465.59
462.69
463.09
469.68
472.43
475.41
475.55
473.24
475.01
477.55
480.66
481.95
481.29
479.42
475.28
470.7
464.25
467.41
465.76
469.5
465.18
462.43
467.72
466.21
473.37
480.89
489.6
488.05
482.93
485.11
485.2
476.93
473.15
474.26
467.54
467.59
466.96
474.3
480.57
480.57
480.57
473.06
465.14
464.03
461.67
466.12
476.35
478.22
482
479.06
475.46
476.44
487.07
487.29
490.71
491.16
494.36
498.36
504.41
502.19
499.21
501.17
507.79
513.35
513.35
513.35
525.85
524.21
524.12
525.85
531.68
544.31
548
546.76
546.76
543.91
541.86
547.56
560.1
556.1
558.9
570.73
577.76
564.86
556.14
547.47
547.02
556.67
557.47
564.41
574.95
566.99
566.81
571.66
580.87
582.29
578.38
571.84
577.8
582.52
589.72
592.39
592.08
601.73
603.69
604.58
600.62
608.58
618.36
625.3
625.79
628.15
623.79
627.21
621.57
623.17
628.1
619.79
625.52
618.32
603.29
597.33
613.16
612.76
596.26
596.26
600.04
589.81
602.71
598.7
592.61
583.72
586.56
599.86
602.4
596.13
595.46
597.99
590.43
589.45
589.45
576.02
585.98
593.9
589.19
582.56
585.94
580.11
578.56
576.42
574.82
579.62
588.12
587.27
586.79
591.28
593.9
593.9
589.72
585.85
584.21
592.39
600.53
601.46
608.05
609.65
622.41
621.48
629.39
623.39
629.35
630.95
635.04
640.2
634.02
633.62
622.14
624.28
614.14
596.08
599.95
603.2
600.57
593.9
594.92
586.7
587.01
602
599.42
584.83
581.09
555.47
531.32
562.14
565.97
560.94
566.46
566.95
571.75
569.22
554.94
551.83
547.16
541.64
548.98
554.18
571
572.95
574.51
591.01
595.99
583.23
589.1
598.93
603.78
605.15
622.23
621.7
618.27
625.92
626.5
626.5
631.71
623.43
611.16
615.78
620.85
630.64
629.93
629.04
614.94
615.56
616.58
616.58
616.58
616.58
633.22
637.76
632.55
632.55
648.74
660.07
660.07
656.59
651.72
650.83
645.14
653.87
659.31
661.9
674.11
675.56
682.08
683.22
685.24
678.85
687.01
692.77
695.05
693.97
695.68
707.57
707.57
712.19
707.76
713.83
703.78
706.75
713.07
705.67
710.04
713.77
724.4
727.94
730.79
741.6
741.79
751.41
765.39
763.99
774.75
792.46
793.72
777.53
779.24
801.38
805.68
805.74
805.05
811.56
820.61
820.92
828.39
827.06
827.06
850.08
861.6
873.68
890.57
880.7
887.91
887.59
888.67
898.73
906.82
920.74
938.83
928.77
916.25
916.25
916.25
916.25
917.45
903.28
900.06
905.37
911.57
906.13
894.36
867.16
861.85
834.21
859.95
843.88
871.08
871.08
892.28
873.3
870.58
852.04
853.25
870.14
858.12
852.04
858.12
858.12
855.71
868.43
880.57
879.62
884.43
902.78
902.46
872.6
877.79
875.26
875.26
880.64
883.36
881.4
894.36
895.56
877.16
882.6
869.82
852.49
838.57
845.4
864.38
854.76
855.71
852.36
862.48
864
881.71
880
890.82
883.42
899.36
904.17
916.5
925.17
926.24
932.88
926.94
919.92
932.57
935.1
930.92
934.53
947.62
945.22
935.1
920.23
924.66
921.75
906.06
904.1
907.9
919.6
913.97
907.84
913.72
896.96
883.86
892.4
878.86
852.11
866.78
864.44
870.64
868.49
884.87
892.02
877.85
833.95
820.29
836.1
809.22
762.1
743.31
737.05
731.54
755.52
742.11
740.02
749.76
771.08
757.98
710.35
694.54
711.43
705.17
719.72
689.73
687.01
651.97
674.68
711.11
702
707.32
715.54
716.3
687.71
644.82
644.76
642.29
673.41
662.53
643.49
656.84
656.84
681.38
699.03
708.33
738.69
741.35
755.9
744.57
728.44
739.64
744.57
763.36
749.26
750.39
771.65
789.49
784.55
799.99
800.56
809.03
800.75
788.28
789.8
793.98
783.03
799.73
794.29
793.34
813.59
828.58
830.41
832.44
834.97
853.88
862.1
844.96
820.48
813.14
821.37
824.97
830.03
830.03
839.71
830.16
812.64
813.27
814.41
821.18
819.97
817.7
841.92
847.74
863.81
863.81
863.81
872.35
871.72
867.8
867.8
867.8
918.93
931.55
931.55
915.97
914.91
903.02
885.27
827.77
828.18
844.93
889.63
880.72
889.11
876.81
852.56
856.75
850.99
853.59
870.31
873.93
884.12
880.06
880.6
874.06
870.49
858.11
846.21
857.93
861.58
864.86
877.4
870.09
870.08
867.14
875.12
882.73
899.49
906.14
892.29
890.41
878.14
877.01
867.58
876.85
890.26
879.23
883.22
884.74
904.39
896.76
898.31
904.79
897.34
890.56
893.69
885.05
874.34
864.28
876.69
865.54
865.38
859.29
866.73
866.73
866.73
866.73
887.83
889.29
894.57
894.23
890.94
897.34
894.05
887.56
870.1
875.16
860.75
869.74
871.98
879.68
880.38
889.43
888.05
888.8
887.26
895.31
889.22
887.79
893.48
899.52
900.91
901.48
902.19
909.68
901.86
885.35
886.95
901.28
900.48
904.54
901.78
899.17
895.1
886.96
889.42
892.58
896.48
891.87
903.71
905.82
908.85
904.38
906.22
895.32
903.06
895.42
901.05
901.53
901.87
913.05
916.97
917.33
916.07
912.34
909.87
909.6
910.74
904.43
919.98
922.57
935.03
929.56
923.86
915.81
917.43
916.58
901.27
892.83
903.43
902.48
908.36
897.74
893.48
884.57
874.39
865.87
858.07
856.62
834.13
843.24
845.19
848.16
847.86
828.69
823.57
838.88
829.98
840.8
843.89
856.5
850.48
861.85
858.97
858.66
878.39
871.36
882.06
888.57
888.4
899.46
895.68
880.47
887.97
871.89
891.18
893.98
886.3
887.9
898.62
897.55
889.83
879.27
875.21
868.5
874.88
874.46
866.35
868.17
873.27
864.74
871.23
865.62
858.91
857.34
854.08
863.76
867.43
864.95
872.56
876.03
879.69
879.69
861.29
857.5
842.55
833.86
843.53
843.08
831.63
841.25
834.85
845.61
843.17
858.68
870.27
870.27
878.89
885.28
898.71
907.8
915.98
909.7
916.52
925.99
923.94
931.86
937.19
937.91
943.29
947.22
933.14
937.74
941.05
958.6
960.25
952.65
957.65
966.87
972.49
982.76
982.76
1000.09
1000.09
999.94
989.9
993.15
995.06
986.09
991.36
1005.87
1009.93
1001.96
1003.95
1012.72
1012.72
1006.75
997.95
1002.92
1008.57
1008.57
1011.7
978.26
952.81
952.81
971.65
980.93
971.74
960.84
970.8
995.43
1014.62
1000.43
996.5
989.4
978.36
978.78
973.54
991.51
1007.84
989.27
974.66
986.69
1003.27
1031.37
1034.38
1029.34
1056.51
1064.01
1069.19
1102.01
1103.68
1081.13
1087.38
1095.4
1099.33
1091.46
1078.33
1099.43
1102.1
1130.81
1113.16
1123.75
1121.49
1135.74
1139.5
1146.21
1134.53
1134.63
1126.74
1122.18
1109.6
1126.36
1103.63
1104.7
1114.76
1114.8
1111.08
1100.82
1093.64
1107.28
1104.82
1110.15
1099.54
1077.73
1083.99
1065.33
1058.31
1038.03
1057.92
1072.93
1071.1
1050.3
1052.91
1061.69
1038.17
1023.84
1028.18
1035.23
1048.5
1048.5
1048.5
1042.94
1048.05
1030.86
1046.96
1046.96
1080.32
1063.7
1058.09
1055.17
1034.28
1014.68
994.33
1011
1016.63
1009.3
1027.54
1001.35
1000.18
970.75
952.06
956.76
954.11
972.41
961.95
972.08
979.38
983.61
1000.43
1022.89
1013.01
993.94
985.85
994.63
1000.72
994.09
995.69
1001.7
1000.74
988.34
977.44
975.25
957.35
968.06
973.62
969.46
971.57
975.03
956.32
974.06
984.21
998.25
990.71
988.8
1001.61
996.26
999.33
999.96
998.57
1012.3
1007.31
995.59
1000.36
1011.79
1003.49
1000.04
991.3
993.48
990.89
977.88
976.96
978.96
978.96
972.31
982.7
994.6
1006.85
1013
1024.75
1025.04
1034.87
1035.48
1045.66
1032.73
1027.9
1030.07
1018.6
1008.82
1001.68
1008.74
1015.91
1009.96
1012.52
1013.79
1035.83
1039.57
1036.49
1041.2
1045.21
1030.62
1040.94
1047.6
1039.72
1058.45
1058.32
1035.96
1024.91
1011.49
1003.04
1021.04
1031.17
1016.43
1017.88
1024.62
1018.89
1035.41
1044.76
1036.6
1043.36
1037.25
1011.76
1022.49
995.08
995.08
975.04
981.39
974.76
947.17
972.67
980.54
970.35
996.06
983.73
967.39
972.04
967.26
972.81
972.81
985.56
989.05
994.16
991.46
983.05
966.77
941.71
937.93
966.68
969.41
957.58
935.45
910.28
914.31
887.07
894.55
918.51
911.67
898.96
908.29
887.1
896.84
874.95
905.91
905.91
909.31
909.31
931.23
927.7
925.83
910.22
880.67
872
889.21
857.93
868.12
873.73
873.73
873.73
877.74
877.56
880.71
880.71
879.79
888.78
922.66
921.38
922.99
916.15
918.06
927.45
942.04
940.28
927.46
951.71
955.27
947.34
953.14
958
961.82
961.86
959.23
947.36
954.92
962.58
963.93
941.58
941.49
949.1
942.98
953.87
945.22
959.16
955.53
927.89
937.02
929.85
935.51
920.23
910.25
896.77
889.04
901.66
907.35
907.44
901.63
910.86
920.14
939.5
941.04
930.89
924.76
903.67
904.15
893.71
901.17
884.74
880.79
880.87
850.76
818.55
842.34
865.11
881.83
873.11
878.44
888.41
889.74
861.83
877.59
893.28
890.8
903.8
917.22
919.09
923.14
923.14
923.14
912.12
935.94
934.16
915.22
891.64
905.56
899.73
913.43
923.01
935.78
935.78
924.58
912.73
916.57
920.39
926.61
926.48
938.08
929.79
921.96
926.82
921.97
928.72
935.52
929.62
923.77
924.23
922.2
909.6
916.42
911
907.44
914.21
905.25
919.45
922.63
916.65
915.22
922.54
921.71
906.79
913.49
909.51
900.65
871.65
874.05
870.74
861.31
861.6
864.92
850.32
851.2
858.37
861.33
880.8
875.85
865.08
855.73
829.04
830.48
825.75
807.55
798.59
810.02
810.43
818.29
803.94
815.05
812.1
817.56
818.86
798.66
804.1
803.4
822.45
827.75
832.54
837.99
834.39
841.84
836.24
825.76
812.08
803.64
814.73
824.03
824.03
813.87
802.27
802.59
803.72
811.5
818.58
829.17
827.01
814.25
818.96
802.59
808.86
794.02
806.02
790.46
771.05
755.67
749.52
714.77
718.48
721.04
686.08
702.96
698.81
689.51
669.43
648.57
681.95
694.09
698.49
712.89
721.94
710.53
722.02
717.21
736.3
712.23
717.44
724.14
747.75
751.11
751.11
746.19
758.2
779.65
768.43
750.47
767.74
783.23
794
772.8
779.36
766.11
744.73
763.8
763.88
758.04
780.66
788.43
796.34
817.87
806.02
792.12
820.79
830.2
834.64
837.94
853.63
839.51
829.55
836.53
839.88
842.9
832.45
824.4
816.64
824.49
818.84
837.06
864.96
864.96
854.1
841.23
849.96
841.2
821.68
817.64
839.65
833.86
819.47
810.83
817.09
817.09
817.09
817.09
829.28
824.4
824.4
824.4
823.05
837.98
830.68
806.75
809.19
798.11
786.75
791.49
775.69
787.89
777.07
792.3
795.28
786.2
798.06
802.15
814.89
812.79
820.45
812.31
799.2
802.92
814.28
800.62
786.98
775.24
788.94
784.4
783.79
781.32
788.26
801.9
793.88
787.22
775.88
776.58
779.38
773.23
782.7
788.94
811.09
813.65
822.36
836.14
828.93
829.19
834.88
835.33
832.76
823.92
822.38
827.3
833.42
840.64
847.41
840.5
834.67
836.4
820.89
817.35
820.62
829.24
829.24
829.24
826.49
828.73
823.01
823.53
806.45
812.27
817.67
805.71
811.76
819.65
840.57
844.55
841.3
848.13
843.27
843.33
841.6
828.19
829.31
826.5
828
828
819.59
818
811.94
807.23
823.08
820.06
808.28
817.03
827.14
830.02
822.99
823.38
815.69
812.34
804.35
809.36
814.39
818.17
813.49
815.49
806.62
814.45
810.47
790
785.01
782.89
775.4
776.26
783.06
768.48
761.1
744.41
761.12
762.74
750.42
736.24
724.47
700.32
710.68
701.36
702.46
722.73
722.2
706.34
696.2
704.67
739.12
744.17
730.61
717.29
694.67
703.16
674.98
672.5
693.04
702.54
672.71
655.98
647.87
631.2
658.51
656.29
688.95
660.74
655.51
639.77
642.05
625.85
643.31
636.22
663.36
662.55
646.69
651.78
636.8
636.8
658.06
680.3
669.94
676.49
691.29
683.41
678.62
693.06
671.57
662.79
669.63
660.94
642.5
644.93
636.72
652.82
642.97
656.87
674.95
652.85
643
638.93
638.24
622.68
614.11
608.04
591.34
573.05
577.52
599.34
595
576.17
570.45
593.41
586.75
582.07
577.4
575.75
568.5
577.22
597.97
591.82
618.3
617.05
633.31
631.6
633.3
635.64
621.1
636.69
639.08
645.05
630.19
632.8
643.15
643.15
663.1
663.36
659.55
641.33
637.79
636.55
643.83
642.69
654.7
652.79
663.21
658.62
654.83
675.23
678.92
682.47
673.18
693.53
694.22
693.62
699.22
685.06
678.02
671.68
671.68
660.26
661.93
665.76
655.85
643.58
660.52
655.73
646.67
647.13
650.8
653.22
653.22
653.22
653.22
638.34
633.99
633.99
633.99
656.93
653.71
653.71
662.35
663.88
668.19
668.98
677.36
682.16
680.11
683.84
670.14
664.74
660.53
651.5
657.51
653.18
630.24
623.33
621.71
629.31
623.96
631.54
618.09
628.91
619.07
611.71
608.36
620.43
612.5
610.23
624.71
633.96
642.29
631.19
627.04
630.92
622.51
607.55
607.03
616.28
626.46
626.13
615.61
617.99
611.58
602.03
588.62
591.51
576.84
596.63
618.42
632.53
636.33
643.79
638.06
650.49
627.59
637.57
639.83
628.96
629.6
614.05
622.39
641.51
648.12
656.08
668.31
663.58
669.95
663.42
666.93
672.44
679.45
674.47
679.81
679.81
679.81
680.71
682.8
677.62
673.89
684.6
679.89
675.04
675.04
672.61
676.08
683.34
671.28
659.83
666.53
667.72
666.59
666.2
670.26
676.25
658.44
659.45
650.06
660.89
663.85
663.41
665.78
675.41
677
679.75
687.95
684.89
693.25
689.5
701.71
696.56
699.14
707.97
714.99
716.27
725.63
727.84
731.59
721.36
737.32
722.83
718.63
724.94
724.51
728.03
719.87
708.03
717.4
715.21
716.07
729.76
731.32
726.58
719.88
731.75
739.5
735.21
729.73
730.46
726.57
719.94
722.93
722.9
733.92
726.73
736.15
730.08
735.57
742.62
736.56
732.77
736.61
729.76
728.04
730.61
733.41
738.14
736.23
745.89
745.89
751.46
753.99
753.51
757.92
758.26
754.6
750.32
751.68
755.95
749.89
759.19
760.23
768.6
765.94
762.36
768.09
761.22
751.03
750.85
743.33
747.14
754.01
756.69
761.28
751.28
736.79
735.55
731.88
729.9
723.58
719.88
713.22
716.88
718.98
733.63
731.66
731.17
734.5
742.91
739.6
747.94
746.26
747.21
746.48
742.81
742.81
744.92
734.42
731.27
730.75
737.74
744.26
745.47
753.49
755.09
763.55
761.91
762.15
764.81
769.56
766.18
763.41
768.61
770.16
774.11
759.34
757.76
757.55
756.25
759.16
767.85
769.31
766.62
768.71
768.38
779.85
778.5
780.98
779.98
778.49
778.49
781.6
778.24
784.3
783.65
787.33
787.89
789.28
795.86
797.03
797.1
804.44
804.44
804.44
804.44
809.89
807.98
807.98
807.98
822.24
825.44
825.44
825.73
828.69
827.42
828.6
829.72
833.02
831.33
833.99
837.62
834.99
840.89
845.36
846.47
839.04
842.06
847.19
838.15
830.23
832.85
832.94
826.4
831.9
839
849.64
853.04
856.41
860.63
856.68
858.8
862.1
864.09
870
861
861.77
853.87
855.29
854.8
862.5
867.52
872.75
865.88
871.55
872.74
875.01
867.41
867.98
850.15
842.37
808.34
819.57
833.29
821.17
826.45
811.38
815.32
814.12
830.65
833.97
840.8
839.59
841.46
848.92
864.89
866.39
865.83
867.29
876.25
876.25
876.25
881.67
872.74
869.41
877.13
872.83
876.06
867.1
868.9
872.87
876.5
876.15
864.58
856.92
851.91
858.15
856.53
863.98
852.82
844.35
822.54
831.16
823.49
827.1
819.34
807.99
813.67
830.5
822.91
822.04
829.9
825.71
833.96
837.75
836.47
837.42
826.41
832.41
831.89
842.45
851.68
851.5
849.13
850.87
847.82
838.58
844.14
848.28
851.48
852.69
854.48
847.55
852.46
857.24
853.3
860.04
855.11
850.5
852.07
847.27
849.38
845.86
850.2
852.03
848.8
849.64
852.31
848.12
843.42
846.05
843.6
844.86
848.52
837.7
830.35
819.96
829.6
826.92
833.67
836.8
831.84
834.4
826.82
829.08
814.23
809.55
811.97
807.22
809.01
804.39
804.39
813.35
816.13
818.39
816.34
824.24
825.02
824.04
829.62
833.73
834.14
832.79
839.44
844.06
851.51
855.99
856.32
854.88
849.68
851.52
858.01
855.72
852.58
854.55
855.32
852.15
854.02
849.25
846.28
846.55
841.94
846.52
852.51
850.78
868.28
877.05
876.66
878.71
879.72
879.6
877.74
877.74
877.35
872.78
873.29
873.59
880.67
875.46
881.04
883.23
869.73
870.92
880.83
890.56
888.4
888.4
896.67
898.45
898.83
902.92
904.04
901.65
899.86
903.34
903.03
899.89
894.19
909.71
910.99
910.41
908.33
909.79
916.13
924.35
922.81
920.35
917.68
925.56
930
928.62
928.62
930.68
930.68
926.93
932.07
938.5
939.66
938.01
941.47
938.56
941.28
945.74
953.72
956.05
956.05
955.35
957.93
960.48
959.06
959.06
964.73
965.41
955.99
955.99
958.63
958.17
952.18
950.93
958.6
959.81
966.71
967.79
967.97
960.65
959.02
956
963.58
966.42
972.88
974.79
983.75
988.11
992.72
993.86
1004.4
1007.69
1009.77
1007.42
1007.49
1021.36
1021.14
1025.79
1020.74
1022.93
1021.28
1010.21
999.03
1000.05
1000.52
1009.11
1004.92
1013.37
1010.76
1008.22
1019.77
1021.38
1015.16
1008.46
998.16
999.63
996.32
1001.81
986.7
990.05
992.95
989.81
996.38
991.35
997.9
997.9
997.9
999.21
995.05
994.4
998.4
990.6
999.71
1007.5
1009.11
1008.62
1003.9
1000.52
1007.52
1006.48
985.45
971.52
974.53
972.36
972.97
980.69
981.64
979.72
969
968.89
970.02
982.54
987.3
989.71
993.74
997.13
993.69
986.6
986.8
994.04
995.05
994.85
994.12
1008.66
1012.76
1010.45
1013.32
1012.6
1011.07
1018.54
1014.72
1023.23
1020.21
1032.73
1031.48
1027.66
1024.13
1033.56
1029.01
1030.65
1038.13
1039.38
1042.65
1036.34
1043.05
1048.75
1046.38
1046.62
1048.26
1052.49
1044.31
1038.28
1044.91
1053.65
1055.65
1060.78
1060.32
1060.12
1062.1
1043.17
1059.62
1069.26
1069.67
1076.26
1078.43
1076.36
1077.58
1086
1082.03
1082.76
1082.99
1083.29
1085.59
1089.86
1094
1092.02
1087.81
1091.93
1095.34
1088.17
1085.26
1092.49
1095.62
1103.7
1101.97
1098.4
1098.77
1094.45
1088.99
1083.62
1092.76
1096.86
1090.04
1087.48
1077.88
1070.18
1072.61
1071.88
1080.5
1094
1095.83
1106.75
1119.64
1124.17
1126.87
1131.37
1132.16
1124.96
1127.62
1130.55
1136.57
1137.75
1142.89
1134.99
1138.77
1147.06
1156.87
1152.92
1165.19
1163.15
1166.48
1173.56
1176.86
1168.3
1159.58
1157.24
1164.21
1166.57
1158.47
1141.29
1146.17
1145.86
1135.5
1119.68
1118.76
1116
1134
1129.4
1128.37
1112.96
1114.15
1130.6
1124.92
1124.11
1130.23
1123.24
1124.44
1125.71
1127.41
1125.17
1132.32
1132.12
1126.87
1120.73
1126.14
1133.72
1134.72
1134.1
1144.77
1145.28
1147.58
1145.01
1145.34
1138.53
1149.94
1147.56
1136.51
1137.14
1133.95
1133.24
1132.02
1137.21
1136.74
1133.72
1132.83
1139.93
1137.3
1140.88
1151.61
1152.76
1155.43
1155.43
1159.7
1159.3
1160.27
1156.21
1162.77
1166.78
1175.46
1177.35
1177.35
1182.73
1173.96
1183.84
1184.13
1173.87
1179.14
1169.43
1159.73
1171.72
1164.49
1161.39
1156.82
1172.76
1179.8
1190.06
1191.51
1199.8
1213.67
1205.08
1207.96
1209.01
1207.97
1211.85
1226.91
1223.3
1233.63
1233.46
1233.1
1240.91
1245.76
1250.84
1259.63
1272.1
1271.32
1275.31
1281.17
1271.16
1287.99
1277.28
1271.42
1271.43
1263.85
1256.78
1263.31
1270.72
1278.94
1279.42
1280.31
1282.68
1283.86
1288.96
1290.24
1292.79
1289.74
1294.88
1283.82
1278.1
1282.81
1289.27
1287.25
1295.57
1292.93
1295.97
1295.36
1285.93
1285.47
1270.63
1263.1
1264.66
1264.66
1264.66
1260.72
1275.31
1281.69
1296.26
1295.43
1297.37
1298.48
1295.42
1295.56
1295.56
1299.12
1294.66
1300.42
1311.68
1317.06
1318.48
1317.7
1310.92
1278.31
1265.05
1265.5
1227.81
1222.97
1225.74
1189.18
1211.81
1199.23
1217.26
1241.67
1240.69
1216.88
1233.86
1233.57
1235.91
1228.86
1209.98
1221.21
1192.36
1206.08
1197.83
1171.99
1177.76
1199.62
1190.76
1201.85
1205.98
1212.33
1221.51
1224.25
1224.24
1218.71
1215.13
1235.76
1252.61
1253.83
1257.48
1249.02
1261.06
1259.22
1262.55
1251.43
1252.93
1235.62
1222.42
1214.62
1212.49
1240.09
1241.32
1230.4
1254.19
1259.61
1262.62
1276.74
1288.56
1283.05
1272.33
1288.47
1281.64
1294.88
1281.62
1286.34
1293.81
1283.18
1280.09
1292.63
1300.9
1307.48
1311.37
1309.3
1308.68
1311.09
1304.53
1308.82
1307.7
1315.61
1318.64
1322.28
1319.76
1326.1
1335.41
1328.4
1318.01
1308.17
1315.66
1312.76
1324.47
1329.11
1331.1
1337.16
1338.45
1334.5
1352.25
1360.46
1353.85
1356.41
1381.31
1409.16
1409.08
1409.08
1409.28
1403.46
1415.12
1428.7
1432.12
1431.02
1440.46
1443.49
1458.23
1463.65
1466.99
1444.2
1462.43
1469.8
1480.35
1486.01
1480.95
1487.25
1486.51
1495.18
1494.27
1500.12
1503.62
1498.6
1505.62
1521.74
1529.97
1532.92
1535.96
1527.57
1538.75
1540.8
1548.3
1555.39
1548.94
1557.06
1556.5
1564.62
1562.24
1542.55
1512.6
1507
1533.84
1521.28
1502.49
1520.85
1539.73
1538.41
1544.36
1546.81
1562.23
1561.66
1574.87
1578.03
1583.14
1576.78
1560.83
1563.6
1557.98
1547.91
1547.91
1547.91
1560.62
1557.25
1554.93
1554.93
1580.62
1583.72
1584.9
1578.37
1580.7
1581.22
1560.5
1583.52
1588.4
1596.02
1590.02
1583.66
1581.56
1596.22
1591.11
1592.01
1610.53
1609.91
1597.71
1607.91
1612.11
1612.11
1616.35
1623.67
1623.72
1634.7
1651.02
1646.96
1652.17
1641.16
1648.53
1658.61
1655.97
1652.22
1660.32
1657.51
1646.95
1645.62
1642.47
1653.05
1601.94
1581.73
1560.25
1550.43
1525.21
1534.23
1544.64
1577.09
1581.94
1569.41
1552.12
1509.57
1546.95
1551.26
1580.11
1587.83
1588.73
1607.96
1612.82
1603.14
1610.25
1605.07
1618.77
1622.49
1630.76
1655.43
1655.28
1657.42
1657.42
1657.42
1661.6
1662.38
1651.17
1659.48
1665.69
1661.03
1648.45
1642.69
1671.06
1659.25
1615.8
1620.61
1619.88
1598.96
1595.92
1595.92
1600.48
1596.79
1620.54
1625.56
1614.17
1619.49
1614.7
1630.74
1625.11
1639.12
1645.98
1650.66
1661.83
1659.63
1661.83
1677.05
1664.58
1660.83
1668.22
1676.28
1670.71
1690.28
1706.26
1696.92
1688.11
1647.28
1625.7
1634.22
1646.96
1628.63
1634.57
1660.83
1677.37
1662.47
1652.82
1657.47
1641.29
1631.53
1636.71
1626.24
1619.68
1633.61
1640.4
1631.56
1639.25
1652.28
1642.79
1657.17
1649.21
1632.62
1626.52
1645.14
1653.43
1663.24
1667.55
1656.52
1672.1
1644.38
1656.7
1641.95
1644.15
1602.41
1608
1600.3
1630.91
1608.93
1618.72
1602.15
1589.79
1614.08
1651.18
1632.69
1590.44
1618.85
1601.17
1597.82
1539.4
1565.68
1569.42
1565.8
1579.16
1573.22
1577.46
1575.48
1556.86
1562.31
1576.41
1595.04
1602.64
1608.22
1571.26
1567.73
1534.06
1518.21
1543.08
1543.26
1553.14
1529.16
1508.48
1544.8
1590.99
1584.05
1586.66
1592.19
1573.13
1594.08
1601.38
1600.9
1603.79
1618.63
1616.26
1612.98
1633.18
1623.02
1626.89
1627.63
1651.96
1668.76
1661.76
1668.87
1684.01
1691.13
1691.05
1670.31
1678.55
1657.99
1673.4
1695.83
1709.56
1713.13
1724.44
1711.1
1718.02
1716.89
1723.61
1716.11
1724.95
1702.86
1706.65
1711.01
1712.13
1703.65
1708.36
1685.39
1699.05
1662.93
1657.86
1667.26
1661.85
1660.39
1684.8
1694.25
1708.19
1706.96
1704.16
1713.94
1702.9
1713.97
1715.53
1720.99
1717.61
1680.05
1687.72
1661.74
1657.2
1645.2
1639.7
1655.88
1655.88
1655.88
1655.88
1650.22
1642.01
1642.01
1642.01
1624.84
1607.94
1581.36
1586.77
1586.52
1574.88
1564.9
1557.82
1555.11
1504.57
1487.45
1483.94
1470
1365.13
1386.59
1329.7
1416.27
1423.35
1410.16
1434.27
1432.49
1435.24
1462.15
1465.55
1395.34
1418.41
1402.23
1405.6
1393.94
1436.95
1438.13
1442.31
1417.62
1442.25
1437.11
1418.56
1428.17
1412.31
1426.91
1455.01
1456.97
1437.66
1425.98
1395.93
1372.99
1404.54
1389.2
1377.19
1371.73
1412.08
1421.85
1414.6
1409.04
1373.54
1411.55
1405.19
1405.14
1405.14
1405.14
1452.16
1449.79
1465.1
1456.02
1439.06
1482.73
1496.49
1485.03
1495.4
1502.09
1484.79
1467.68
1457.83
1433.9
1422.2
1444.81
1467.69
1460.64
1495.82
1476.92
1464.47
1470.39
1470.11
1480.55
1491.17
1474.84
1485.01
1485.01
1510.88
1512.07
1504.72
1507.92
1512.6
1499.14
1509.83
1506.3
1522.31
1521.74
1515.78
1527.36
1502.04
1487.76
1486.65
1459.23
1459.9
1447.51
1451.45
1454.81
1460.74
1430.9
1443.74
1434.86
1424.54
1391.23
1380.89
1374.19
1356.54
1383.54
1398.28
1380.06
1386.71
1361.36
1354.93
1336.16
1335.15
1315.04
1339.31
1302.98
1303.09
1297.87
1269.85
1279.01
1291.31
1266.58
1287.17
1268.74
1291.1
1263.97
1226.96
1231.92
1200.27
1214
1249.35
1276.29
1267.01
1247.06
1282.9
1257.66
1247.59
1235.58
1256.01
1271.12
1276.51
1244.65
1231.36
1264.6
1267.93
1260.94
1269.44
1295.09
1291.02
1259.44
1250.07
1257.97
1256.99
1220.54
1223.93
1206.23
1235.69
1217.43
1226.61
1231.98
1252.38
1256.93
1255.58
1277.94
1271.61
1233.51
1197.97
1243.07
1223.91
1205.1
1199.17
1227.4
1173.19
1174.23
1144.69
1140.11
1238.18
1213.86
1196.44
1189.07
1222.76
1218.16
1171.32
1175.14
1196.68
1180.26
1224.9
1152.22
1165.19
1105.21
1066.1
967.74
1068.13
1096.47
1043.82
1000.05
1035.09
1064.28
1048.88
966.75
944.93
894.45
858.14
848.04
926.78
946.16
978.13
989.36
1041.89
1043.7
981.33
1001.89
995.31
954.7
924.92
934.08
943.71
909.65
912.45
879.35
856.33
854.16
920.06
928.9
924.75
944.48
950.75
910.57
943.57
947.75
943.17
908.44
964.91
966.99
975.9
978.53
956.38
960.69
976.05
979.16
984.93
985.06
967.79
964.45
964.45
964.45
964.45
958.31
975.97
975.97
975.97
1006.7
1023.48
1031.67
1016.14
1005.7
996.34
978.06
961.57
922.05
914.68
915.25
900.44
876.47
870.59
863.5
864.46
885.76
884.32
923.74
900.9
898.03
874.63
888.15
901.76
895.75
905.67
908.69
889.06
885.17
868.88
875.42
854.7
829.04
831.14
832.29
803.7
796.76
788.68
791.61
823.1
803.92
766.39
759.75
774.27
739.72
730.14
716.35
752.29
758.26
772.63
783.09
803.86
804.46
805.96
809.7
810.17
835.72
840.12
847.83
848.17
832.41
798.13
817.54
836.17
875.81
874.02
874.01
876.18
882.3
915.27
915.27
915.27
930.34
915.25
928.37
945.34
912.15
902.43
923.6
910.14
921.92
908.83
896.9
921.33
935.85
935.85
939.06
946.37
956.75
956.57
974.96
969.16
960.83
932.74
931.3
929.97
948.56
967.24
971.72
955.26
964.12
968.1
973.67
984.46
976.98
975.73
996.48
999.15
979.53
978.85
985.77
973.1
983.41
996.79
1004.3
1005.63
986.1
984.55
963.53
974.18
995.04
971.25
971.38
998.48
1003.75
1006.13
1022.94
1016.66
1028.96
1002.54
1009.61
995.21
990.86
973.5
982.75
972.74
994.19
1001.75
1029.72
1037.71
1042.12
1052.47
1049.96
1054.22
1076.13
1080.46
1099.94
1109.62
1109.54
1131.28
1131.04
1134.93
1132.11
1114.8
1122.61
1140.31
1138.58
1129.71
1139.92
1151.71
1137.66
1106.79
1118.36
1116.94
1137.53
1165.16
1179.94
1193.51
1189.28
1187.17
1196.02
1187.3
1167.2
1148.73
1151.63
1173.7
1193.26
1190.57
1199.91
1187.39
1198.4
1202.23
1212.55
1228.04
1230.66
1230.77
1224.91
1233.64
1237.88
1221.98
1217.7
1242.49
1239
1229.35
1204.71
1183.7
1208.48
1236.44
1226.68
1235.82
1228.6
1229.13
1214.15
1241.96
1243.5
1224.75
1246.79
1231.04
1240.02
1234.57
1226.49
1214.7
1215.49
1193.57
1221.17
1194.17
1199.27
1174.51
1189.84
1206.19
1209.5
1233.36
1233.07
1231.93
1235.72
1239.18
1252.03
1249.23
1256.7
1237.41
1223.99
1247.32
1243.36
1249.47
1217.58
1229.44
1215.11
1237.37
1238.35
1241.9
1255.77
1253.3
1232.19
1203.84
1209.28
1210.15
1219.52
1221.87
1234.86
1218.06
1212.61
1230.9
1237.44
1245.65
1245.65
1245.65
1250.78
1251.61
1241.72
1241.72
1241.72
1262.36
1270.38
1272.66
1266.79
1267.17
1257.85
1247.11
1245.64
1249.49
1233.89
1236.89
1252.34
1219.97
1192.35
1185.3
1172.72
1183.19
1149.77
1127.82
1140.57
1144.94
1159.89
1132.94
1064.09
1049.38
1060.09
1067.41
1089.54
1070.91
1064.61
1071.52
1081.41
1093.15
1100.76
1110.65
1099.28
1071.66
1065.12
1052.35
1074.18
1084.36
1092.66
1107.56
1115.99
1143.83
1149.38
1141
1153.43
1145.23
1148.02
1136.08
1145.78
1155.87
1145.5
1136.74
1123.14
1137.16
1123.09
1145.9
1144.03
1145.66
1134.37
1123.08
1142.41
1142.41
1142.41
1151.1
1155.42
1144.31
1177.22
1184.98
1185.31
1189.77
1192.2
1165.91
1159.96
1170.46
1146.03
1120.59
1130.44
1132.12
1084.6
1051.18
1079.99
1086.68
1078.39
1019.34
995.74
965.57
934.03
1071.57
1034.91
1043.75
1031.76
963.45
959.81
996.12
971.22
960.07
974.41
962.28
932.6
935.06
963.52
973.61
966.64
960.8
956.75
958.25
920.66
907.79
894.58
914.21
949.21
987.57
990.2
1006.97
1001.08
1009.11
1032.69
1041.64
1035.87
1022.7
991.65
987.4
1002.7
947.84
960.79
951.8
959.16
960.36
995.06
1035.3
1045.56
1049.6
1042.53
1063.37
1065.29
1052.17
1035.03
1028.56
1041.7
1039
1065.65
1074.26
1087.34
1103.58
1104.03
1105.7
1088.62
1121.97
1125.53
1122.6
1122.67
1102.95
1119.01
1109.68
1073.93
1070.62
1063.15
1060.8
1071.86
1073.72
1058.07
1043.18
1056.93
1039.61
1023.3
1034.59
1048.7
1047.64
1052.73
1089.05
1087.46
1095
1097.17
1082.03
1092.67
1106.02
1103.88
1111.58
1116.5
1110.95
1107.19
1092.56
1108.68
1110.15
1088.95
1083.28
1106.27
1094.62
1092.19
1081.58
1085.03
1076.99
1070.55
1098.04
1102.16
1106.13
1103.04
1101.09
1095.49
1118.32
1116.38
1118.28
1121.63
1122.5
1122.19
1120.75
1123.84
1117.4
1110.61
1100.25
1105.64
1111.28
1093.68
1104.4
1083.62
1086.45
1068.19
1053.94
1065.62
1047.39
1037.88
1047.32
1059.67
1034.14
1043.68
1057.21
1050.87
1022.45
990.8
995.81
993.59
975.02
952.06
944.91
987.95
1015.55
1022.85
1009.48
1011.19
1026.72
1038.49
1030.75
1033.19
1035.32
1019.64
1019.53
1007
1016.11
1037.32
1034.86
1028.2
1028.2
1007.52
1008.04
1015.29
1003.73
1003.73
1006.85
1007.69
999.15
988.97
973.57
959.71
974.14
1028.77
1058.08
1059.45
1048.31
1079.94
1077.42
1085.27
1106.53
1105.44
1089.04
1089.61
1107.47
1099.19
1105.31
1122.88
1127.73
1112.39
1110.87
1118.01
1121.92
1118.92
1103.17
1105.11
1101.64
1107.85
1131.55
1138.13
1133.59
1107.77
1096.44
1089.7
1090.01
1108.41
1111.25
1102.37
1089.84
1081.47
1074.23
1072.78
1080.04
1080.15
1067.89
1063.63
1066.83
1058.45
1034.1
1057.32
1057.42
1082.41
1082.57
1087.63
1099.21
1094.39
1098.75
1095.64
1095.17
1079.01
1094.96
1097.31
1089.01
1106.2
1107.58
1114.83
1111.37
1101.64
1101.08
1084.08
1077.43
1055.64
1058.75
1074.1
1078.78
1078.78
1078.78
1085.69
1095.42
1108.44
1109.35
1107.32
1103.05
1091.87
1082.16
1079.28
1057.48
1065.74
1071.61
1067.16
1054.39
1055.11
1050.01
1053.44
1056.44
1041.82
1027.51
1030.35
1040.22
1038.28
1044.11
1043.85
1066.37
1052.78
1045.33
1047.86
1034.76
1035.89
1026.73
1030.42
1012.36
1011.06
1029.6
1008.67
1007.25
1031.2
1020.56
1039.39
1038.58
1008.12
995.28
1001.1
1007.59
1027.8
1049.76
1064.21
1061.58
1047.78
1034.25
1033.3
1005.75
977.98
972.79
978.94
972.9
961.38
946.98
957.22
986.94
1016.58
1019.51
998.79
996.02
974.39
976.1
973.3
941.23
920.82
913.69
879.01
878.11
857.67
854.28
806.41
833.91
874.85
881.67
878.66
884.14
843.45
825.82
840.46
839.66
847.83
840.33
829.04
849.88
853.91
881.4
885.67
855.23
815.56
802.23
823.51
835.28
798.24
770.26
790.11
811.22
840.78
846.13
829.34
843.4
827.98
790.21
807.91
828.2
861.02
855.67
866.93
862.85
842.82
830.26
855.3
878.15
887.68
896.68
891.46
910.29
900.63
903.2
891.67
886.42
891.52
865.61
890.17
900.47
892.48
887.27
932.74
928.34
901.18
863.68
862.32
875.88
863.86
849.84
853.46
835.56
833.13
857.98
839.32
825.35
832.52
828.89
833.56
805.05
793.12
777.02
775.57
779.75
815.52
815.88
845.97
842.86
857.95
873.07
874.26
867.21
849.1
867.25
840.34
833.92
818.95
825.71
820.95
825.57
846.03
838.45
847.31
854.98
854.98
853.63
836.69
849.62
857.65
873.14
874.79
858.33
832.45
828.18
825.76
846.72
843.25
843.46
846.03
845.55
854.26
842.21
861.97
858.44
864.31
861.22
858.55
874.45
869.37
855.26
855.17
873.98
882.07
891.4
890.46
891.36
890.85
896.33
885.27
884.19
882.58
879.88
860.97
870.99
887.04
882.55
870.8
858.03
858.25
859.04
858.05
852.45
860.91
862.39
851.87
822.76
822.62
838.48
835.41
824.27
843.97
845.64
849.29
856.04
866.79
864.04
854.99
841.46
834.28
828.77
820.34
804.74
797.16
807.46
810.5
788.6
772.64
772.16
772.16
772.16
749.41
764.19
758
730.8
725.64
743.14
714.99
697.08
710.59
692.1
707.55
719.96
709.9
721.15
707.48
707.48
689.66
691.49
695.38
714.62
709.08
689.61
713.36
708.21
689.47
677.92
669.36
661.92
663.37
658.81
672.89
650.5
660.09
660.72
646.55
632.06
616.78
617.23
615.64
633.99
636.67
652.45
654.53
666.03
662.5
663.05
670.99
678.97
680.7
660.16
677.32
687.89
686.37
696.18
670
660.92
674.55
679.78
718.49
721.3
730.53
725.95
704.5
682.61
677.09
679.99
688.2
670.85
673.66
660.03
662.8
665.81
669.75
630.71
624.34
602.56
606.42
644.31
668.8
686.64
680.53
679.38
644.82
683.51
712.46
728.15
722.91
719.02
713.58
715.8
721.35
722.04
749.5
763.18
754.62
761.73
742.06
736.43
738.51
747.09
740.85
738.02
726.69
749.84
751.63
757.12
757.68
793.32
797.12
795.13
803.01
809.73
803.1
823.72
822.75
812.82
816.38
808.22
828.78
820
823.74
791.34
790.53
777.05
784.21
792.33
787.98
786.71
801.59
795.06
780.55
771.94
778.98
771.14
774.3
800.36
819.02
815.71
796.97
792.78
780.68
784.77
783.64
783.44
778.16
788.33
790.12
794.31
801.86
786.83
788.6
770.6
767.56
768.14
761.47
774.9
772.57
774.84
763.54
780.97
782.72
785.52
792.52
795.9
792.7
791.22
787.79
801.04
798.04
794.33
796.11
794.38
798.14
792.4
786.99
798.1
804.64
808.13
808.99
810.06
822.18
831.87
832.33
835.23
835.85
835.85
835.85
834.16
820.48
824.7
824.7
852.53
849.15
853.93
853.15
856.74
873.32
875.17
880.56
878.34
873.44
872.07
876.68
874.32
879.82
876.37
874.15
879.77
885.86
881.52
878.25
870.11
848.79
835.36
803.17
820.58
816.75
813.02
830.06
820.83
836.26
843.36
836.9
827.29
822.7
834.67
828.12
813.15
829.07
835.32
808.34
824.2
833.59
828.58
833.9
850.95
844.4
847.65
871.9
864.47
861.96
858.51
875.28
872.1
859.63
840.06
850.2
843.49
841.17
821.47
805.24
796.49
798.39
798.39
798.39
811.91
796.65
791.22
786.38
784.96
793.75
821.29
823.75
810.39
807.94
801.89
788.22
789.24
799.25
809.96
836.74
846.41
843.12
836.03
851.64
848.43
848.43
847.82
861.72
857.28
862.3
866.84
864.29
860.6
851.14
852.46
863.04
859.9
863.24
856.13
851.01
850.86
839.04
831.22
841.33
856.9
850.54
849.72
839.1
834.75
842.73
835.06
827.29
832.23
827.94
814.11
816.9
812.03
812.37
819.15
823.43
814.89
787.18
775.36
760.72
766.51
788.5
789.67
781.82
796.09
794.58
781.86
806.1
792.46
807.28
807.73
804.54
807.82
790.23
790.96
784.92
786.48
801.11
799.69
802.26
814.33
826.8
837.01
843.98
845.45
853.15
852.3
863.31
866.49
865.05
861.65
866.77
877.89
884.69
882.95
887.22
891.55
886.03
895.68
878.47
862.55
858.55
875.01
881.03
876.97
850.05
850.38
853.93
840.02
854.01
855.14
859.6
866.32
876.82
874.3
891.27
899.63
905.09
906.27
912.43
911.57
919.91
929.46
931.6
925.05
931.15
938.69
942.01
937.89
933.3
949.65
951.28
946.87
961.64
958.12
952.1
963.94
986.86
987.55
990.77
1002.82
1010.09
1013.6
1021.85
1025.63
1023.69
1003.39
1012.79
1001.76
991.53
1004.31
996.09
1009.27
1002.52
1005.56
996.72
1001.6
992.53
992.19
996.94
988.89
985.15
987.78
985.98
995.2
979.33
971.16
975.89
984.87
986.08
988.12
997.91
1004.08
1001.44
992.32
977.9
971.3
955.73
957.09
965.98
961.93
953.87
945.5
945.42
961.88
952.98
963.96
986.09
989.51
996.56
1002.75
1002.75
1002.75
1010.41
1010.48
1011.98
1011.98
995.56
999.57
1009.2
1039.24
1047.15
1044.98
1050.82
1059.04
1060.93
1075.67
1067.81
1068.94
1067.57
1057.93
1049.91
1045.42
1007.48
996.12
1008.5
1009.62
1016.78
1012.85
992.42
995.5
997.95
1017.34
1028.27
1019.12
1030.18
1029.02
1030.73
1034.39
1033.58
1026.38
1027.46
1028.01
1028.59
1041.39
1046.67
1044.59
1038.68
1034.34
1009.73
1035.12
1044.34
1053.05
1039.09
1042.48
1039.5
1030.33
1018.78
1004.48
1020.52
1028.52
1032.29
1030.96
1027.97
1013.81
1021.04
1036.18
1041.41
1055.34
1056.06
1068.96
1066.67
1082.14
1091.27
1084.38
1072.4
1072.89
1057.94
1044.9
1042.62
1033.55
1050.34
1053.04
1053.04
1053.04
1067.76
1066.26
1070.68
1054.48
1056.24
1070.52
1070.05
1070.05
1071.98
1072.68
1072.62
1065.91
1083.89
1072.79
1080.95
1083.3
1085.8
1060.18
1071.33
1066.83
1070.41
1078.15
1077.09
1081.43
1094.33
1097.29
1101.64
1099.39
1106.04
1108.71
1103.59
1102.46
1114.91
1132.31
1142.3
1141.18
1132.33
1133.53
1135.93
1124.97
1129.48
1134.84
1143.35
1140.51
1136.35
1135.21
1121.25
1122.87
1119.84
1116.05
1125.58
1125.8
1133.25
1124.84
1112.46
1092.34
1098.43
1076.55
1077.23
1084.58
1070.89
1089.66
1076.9
1075.59
1070.49
1087.49
1089.28
1109.48
1111.77
1110.51
1112.48
1116.37
1092.82
1073.52
1071.49
1056.86
1046.68
1030.1
1032.68
1041.13
1045.48
1051.84
1050.9
1043.67
1056.8
1060.37
1063.49
1077.13
1071.69
1091.27
1104.7
1105.93
1094.48
1094.63
1096.09
1096.37
1109.75
1131.8
1136.47
1131.98
1117.09
1115.48
1109.96
1110.31
1105.31
1101.1
1112.43
1121.31
1122.35
1116.87
1102.3
1107.84
1101.04
1108.11
1090.83
1104.62
1097.73
1063.32
1078.82
1086.18
1064.35
1055.14
1047.92
1036.16
1039.77
1041.34
1004.74
987.38
1015.59
1010.97
1034.58
1044.38
1052.78
1053.54
1038.52
1057.62
1038.76
1039.72
1062.15
1051.69
1030.03
1041.73
1040.02
1025.89
1039.91
1047.07
1028.79
1027.8
1029.15
1044.55
1056.45
1050.61
1032.68
1063.52
1076.4
1082.67
1077.49
1085.9
1090.6
1080.93
1088.56
1100.99
1075.71
1104.2
1095.09
1060.93
1054.35
1056.92
1028.73
1004.54
1022.2
1019.48
1053.39
1051.17
1052.04
1062.85
1063.16
1063.16
1063.16
1054.32
1042.57
1042.46
1042.46
1049.66
1013.76
1001.41
1003.54
1026.09
982.54
990.98
1007.37
995.06
1008.3
1014.11
1026.48
1038.89
1043.23
1060.86
1069.19
1080.36
1070.59
1055.89
1061.54
1051.8
1044.3
1071.79
1070.96
1066.96
1071.05
1050.33
1063.3
1050.16
1069.84
1087.44
1082.58
1084.36
1095.41
1106.1
1103.66
1114.3
1121.84
1119.84
1129.47
1132.91
1132.8
1116.1
1120.54
1128.37
1125.49
1121.59
1106.42
1119.11
1118.56
1120.47
1128.09
1119.41
1120.85
1124.56
1157.49
1161.06
1174.21
1163.27
1162.03
1159.32
1169.51
1168.87
1174.29
1180.76
1180.76
1180.76
1190.04
1182.43
1190.07
1191.12
1203.82
1186.88
1194.6
1177.51
1152.27
1154.4
1158.54
1156.36
1158.95
1166.16
1179.31
1176.08
1153.14
1153.14
1153.14
1157.58
1126.87
1131.68
1133.8
1158.43
1160.35
1147.47
1147.99
1155.21
1147.26
1149.37
1164.86
1172.54
1174.67
1170.63
1147.53
1138.97
1157.58
1153.02
1137.01
1138.57
1142.35
1143.35
1131.33
1122.34
1107.47
1109.12
1125.92
1132.06
1119.7
1100.2
1103.23
1096.69
1102.84
1109.94
1153.19
1156.84
1149.18
1148.65
1154.77
1101.6
1093.34
1108.64
1101.98
1094.65
1070.45
1051.11
1058.98
1087.3
1120.45
1139.63
1142.42
1150.3
1168.01
1165.03
1172.91
1163.07
1165.95
1161.69
1148.26
1131.15
1141.47
1144.77
1133.46
1134.32
1142.53
1131.31
1144.43
1141.89
1134.09
1147.09
1131.7
1104.44
1110.6
1103.57
1105.14
1105.15
1093.49
1073.89
1042.55
989.95
1025.83
1012.18
1042.62
1048.55
1039.45
1012.45
1007.08
1017.47
995.21
994.01
1000.24
1017.34
998.85
986.36
981.53
990.04
1008.96
1021.03
995.36
996.03
965.68
957.74
939.35
962.49
949.68
949.79
966.09
965.96
969.67
1005.74
1018.85
1026.94
1027.98
1041.17
1034.51
1020.37
1011.55
1017.95
1031.22
1029.4
1018.92
1024.74
1046
1057.55
1056.66
1041.61
1051.83
1048.41
1043.91
1050.23
1054.88
1057.02
1052.33
1055.77
1042.68
1043.23
1047.46
1023.8
1021.27
1022.19
1045.96
1035.65
1044.98
1039.16
1037.58
1030.97
1032.14
1043.06
1040.8
1048.26
1047.92
1043.66
1019.08
1017.97
1014.49
994.24
993.86
987.93
972.71
952.63
981.04
981.52
997.7
981.57
946.68
951.68
974.51
978.72
978.72
966.44
978.07
975.22
965.13
965.13
942.62
944.62
930.18
916.59
901.25
899.13
902.24
903.97
889.58
865.57
856.99
864.93
837.06
852.2
880.47
865.34
877.82
882.29
866.65
889.2
885.42
859.45
838.33
854.66
858.74
821.07
800.32
822.67
783.09
800.64
826.59
822.52
845.49
838.24
827.56
847.37
835.61
810.65
830.74
845.07
855.7
870.22
886.5
886.62
891.48
888.69
884.4
885.68
886.64
920.02
925.4
909.17
905.85
907.21
914.79
911.39
907.92
901.3
887.44
887.44
887.44
889.07
894.92
879.82
866.9
866.03
844.93
845.81
835.49
848.93
855.79
860.81
888.39
892.78
891.51
894.61
904.16
922.43
928.07
931.55
922.6
937.79
942.74
936.13
911.12
910.43
884.75
873.32
876.4
877.92
873.59
885.06
874.11
874.58
880.44
876.18
877.89
884.8
875.04
884.79
878.96
898.88
920.9
916.13
919.19
920.56
911.02
898.7
902.04
886.25
888.5
896.16
889.7
883.59
855.26
836.25
819.19
830.48
824.8
841.46
869.35
871.9
875.43
893.88
782.42
768.91
787.76
814.95
820.85
831.39
829.55
810.19
795.64
804.03
822.49
834.03
854.68
851.21
859.64
857.33
856.38
852.87
862.2
863.19
864.72
861.97
860.55
871.85
852.91
864.04
855.91
831.61
830.14
842.58
857.82
860.52
870.64
870.95
876.9
876.66
877.25
867.77
854.43
860.12
850.08
852.19
863.23
871.58
866.54
872.19
868.34
875.42
879.45
883.53
897.31
901.64
896.27
907.4
916.38
909.54
893.51
879.16
876.13
877.41
869.15
877.18
874.27
882.72
900.55
889.31
877.55
874.99
880.55
886.38
884.04
882.11
883.88
885.08
883.48
870.06
876.81
876.76
876.04
868.12
884.14
880.94
893.47
902.57
913.86
917.51
930.01
922.35
925.68
928.71
928.65
922.83
912.49
895.19
895.81
887.04
900.19
902.19
897.08
883.15
870.13
871.81
874.58
869.91
877.6
868.23
867.48
871.5
869.25
871.4
872.81
867.31
872.1
874.61
873.35
866.44
871.94
895.02
901.52
921.4
923.81
925.31
939.63
929.04
941.87
948.7
941.54
948.87
944.82
941.05
944.57
944.57
945.36
942.16
940.43
943.55
950.47
958.74
956.11
958.75
961.9
959.49
954.98
949.42
949.02
959.51
949.23
947.73
946.79
946.4
947
939.12
948.31
965.33
962.08
961.09
946.89
942.52
944.06
951.3
957.23
946.52
943.5
942.5
953.18
946.45
956.83
960.41
968.73
965.12
959.48
962.38
965.46
957.04
958.75
954.08
955.08
964.17
983.95
980.35
989.09
989.5
989.08
994.04
1008.84
1009.96
1008.38
998.65
1006.2
1025.71
1033.24
1030.69
1030.43
1032.36
1041.82
1040.67
1039.69
1048.67
1046.22
1049.7
1054.5
1040.28
1042.91
1047.69
1058.48
1057.72
1048.68
1046.91
1041.56
1037.37
1037.37
1037.37
1030.74
1042.32
1042.26
1042.53
1082.38
1084.67
1083.47
1075.47
1078.15
1078.15
1089.11
1090.77
1107.71
1119.78
1116.3
1111.08
1109.21
1092.15
1095.19
1101.98
1104.47
1084
1072.17
1087.82
1082.81
1095.67
1095.6
1099.35
1095.72
1094.35
1092.76
1092.7
1093.02
1095.8
1093.51
1092.4
1091.01
1102.31
1104.92
1092.6
1096.55
1086.46
1078.96
1084.68
1093.84
1084.46
1083.93
1081.14
1073.27
1080.03
1075.16
1080.58
1063.89
1052.46
1068.97
1064.91
1060.43
1057.95
1057.02
1058.57
1052.45
1063.22
1073.18
1072.59
1072.06
1060.19
1066.15
1064.28
1050.64
1052.86
1061.19
1065.87
1069.09
1062.34
1059.2
1067.51
1060.28
1063.73
1074.24
1075.73
1081.55
1067.13
1052.09
1035.28
1053.61
1055.71
1061.92
1051.39
1045.72
1042.62
1047.8
1040.87
1042.85
1041.71
1035.76
1025.91
1031.13
1037.47
1040.18
1032.22
1025.7
1021.21
1020.07
1020.54
1039.94
1041.09
1044.67
1043.95
1039.25
1042.04
1046.09
1037.27
1039
1039.97
1031.52
1028.76
1046.85
1042.85
1048.41
1035.25
1035.37
1005.46
1030.49
1028.05
1032.48
1022.5
1036.31
1036
1033.48
1026.08
1030.47
1035.5
1027.66
1030.4
1024.2
