66.82
68.26
71.619
70.779
70.179
69.699
66.46
46.426
71.858
77.377
72.698
71.019
67.06
69.459
74.258
73.418
74.858
73.298
74.138
48.585
76.537
78.097
79.416
76.417
73.538
76.897
84.095
76.897
81.096
77.137
71.499
49.305
80.016
80.016
79.536
80.496
77.737
77.977
79.896
78.696
79.416
82.415
74.018
50.625
81.815
84.695
85.414
78.816
80.496
75.337
82.295
75.697
85.174
81.935
78.456
51.585
79.896
84.935
86.614
76.777
82.295
82.055
83.135
79.176
83.375
79.776
79.416
47.746
81.216
88.174
84.095
79.776
77.977
79.416
83.735
79.056
81.815
81.815
83.495
46.066
79.776
85.054
83.375
79.416
75.457
77.377
85.174
78.097
82.055
79.656
80.376
45.346
83.135
81.096
83.735
78.816
79.776
79.416
86.494
80.616
85.174
83.015
78.936
47.626
83.735
82.895
84.815
82.655
82.535
83.255
85.774
77.977
85.654
81.695
81.935
50.865
81.456
87.454
86.134
78.816
84.575
80.736
85.054
80.976
86.494
79.896
85.414
50.025
84.215
94.412
88.653
82.295
84.335
83.975
83.615
90.213
87.094
88.294
89.373
48.106
87.934
95.731
90.573
83.975
83.615
87.694
92.252
87.214
91.892
92.852
98.251
50.625
93.812
97.411
96.451
87.934
86.134
92.132
98.73
90.693
96.571
95.731
95.011
53.744
96.211
96.331
101.01
90.213
96.091
94.172
98.73
97.411
99.93
102.809
99.81
57.343
100.17
102.449
103.889
88.533
100.17
94.292
103.529
91.653
102.209
102.209
99.57
57.103
97.771
100.89
104.129
88.174
98.97
94.412
92.372
97.531
99.21
97.651
99.69
56.263
98.131
106.648
101.25
90.933
95.731
96.451
99.45
93.812
95.731
98.131
99.69
56.143
94.292
96.091
92.852
82.775
84.095
86.134
93.572
86.134
90.933
92.372
93.092
54.224
92.852
92.732
95.011
87.814
86.974
90.813
98.85
92.612
97.411
100.65
98.011
61.302
100.05
99.57
104.129
95.371
99.45
96.931
108.807
92.972
106.888
107.608
101.37
64.301
100.77
103.169
105.328
90.813
98.011
97.771
101.61
93.812
103.529
101.37
105.328
63.341
99.93
109.527
103.649
92.372
100.89
97.411
101.49
110.487
106.528
109.047
114.086
68.379
110.487
119.244
110.247
102.089
105.448
108.927
115.765
107.248
112.406
118.165
120.684
73.058
114.446
118.045
116.485
106.888
107.728
108.807
118.045
109.647
115.885
120.324
122.483
77.377
119.244
117.805
122.603
112.646
113.126
119.484
130.041
109.527
127.042
126.682
122.603
83.015
119.364
121.044
127.282
107.248
118.524
115.405
125.362
109.167
125.842
123.563
122.123
85.654
115.885
124.643
121.164
102.569
115.885
113.966
111.806
121.284
123.203
116.965
126.442
82.055
118.524
131.001
121.763
105.928
115.645
116.245
122.723
115.645
121.524
122.003
128.961
80.736
121.164
131.84
122.843
110.247
112.166
118.404
131.72
116.845
124.883
129.201
129.201
85.414
126.202
122.723
128.601
111.806
113.126
117.205
123.083
125.362
125.242
129.081
124.763
88.893
126.562
122.723
129.921
113.486
121.284
122.003
138.319
113.606
133.64
135.319
129.321
91.533
127.282
130.881
134.6
114.446
129.321
125.722
139.758
119.364
138.079
135.439
135.079
93.692
125.602
137.839
133.52
114.686
128.242
130.521
118.404
133.64
126.442
120.684
132.56
82.895
119.724
121.044
109.047
96.331
96.811
98.85
102.449
95.731
98.251
103.409
110.127
74.138
104.489
105.568
104.729
94.892
92.012
96.931
109.407
98.61
103.289
106.768
107.608
76.657
103.289
101.849
108.328
95.251
95.709
99.273
109.775
93.735
103.064
104.235
103.33
79.147
102.13
96.967
99.723
89.295
93.167
95.909
98.485
86.399
98.076
96.556
98.742
76.347
89.399
96.412
91.938
80.196
89.79538899
87.53602246
88.25877997
91.77019316
95.14849655
92.02703873
99.65120463
73.00928766
92.63385038
97.51043218
91.80714027
82.99059086
89.54795606
90.01102182
95.38214203
89.80433817
95.73658302
94.56218081
100.7404463
71.24882443
95.96156279
98.36716201
91.53472219
86.0982348
87.45800182
91.03819236
100.1516734
92.00675071
96.9714518
101.5671175
106.8021734
74.78323906
99.68857138
98.21205219
97.08452588
89.05490905
87.93863691
95.9972715
98.55537378
100.1446037
100.7729183
102.672288
101.0122011
80.34758659
100.9108214
95.94252789
101.1728744
87.81633719
94.39492227
94.48483493
107.5931677
89.45661587
105.70667
106.078536
102.9960001
82.10442124
