817
788.9
1105.9
1317.3
1519.2
1810.8
2128.9
2330.1
2059.5
1545.4
1034.6
1031.6
1055
1037.9
1447.1
1533.1
1870.7
2061.3
2566.1
2837.6
2450.3
1961.9
1333.5
1263.3
1424.7
1332.2
1730.9
2168.9
2394.6
2621.1
3195.8
3255.9
2919.8
2517.3
1730.9
1636.7
1741.8
1703.7
2207.6
2388.7
2576.2
2887.6
3663.2
3584.1
3417.2
2950.9
2109.6
2068.7
1994.5
1929.3
2386.9
2981.9
2790.1
3335.9
4133.3
4044.2
3707.3
3062.1
2296.3
2320.3
2192.6
2032.7
2537.1
2966.6
2739.8
3191.7
3906.1
4287.7
3756.7
2984.4
2177.9
2153.5
2181.2
2092.6
2930.7
2801.6
3279.7
3651.4
4445.5
4691
4018.8
3103.1
2187.9
2390.2
2391.7
2233.6
2679.4
3388.8
3236.3
3525.8
4540.7
4623.4
3876.1
3316
2412.8
2537.1
2650.7
2448.1
3039.9
3566.3
3519
3795.5
5055.2
5027.4
4615.2
4004
2446.2
2803.2
2828.9
2608.3
3612.2
3618.3
4145.7
4333.2
5532.5
5588.2
5242.3
4531.9
3160.4
3175.7
3118
2719
3560
4399
4236
4606
5477
5549
5152
4315
2997
3071
2994
2842
3483
3733
3993
4171
5026
5222
4663
3882
2745
2829
2666
2471
3038
3805
3998
4368
5146
5363
4978
4314
2941
2919
2966
2744
3403
4034
4442
4606
5508
5523
5106
4373
2969
3020
2955
2746
3575
3783
4398
4742
5687
5474
5317
4645
2988
2908
3012
2794
3525
4260
4711
4935
5493
5697
5570
4867
3156
3121
3068
2903
3704
4022
4296
4811
5494
5697
5463
4701
3148
3104
3260
3039
3932
4025
4989
5396
6283
6323
6109
5397
3673
3595
3643.739
3433.096
4056.054
4860.563
5830.577
6232.903
6895.68
7126.639
6777.943
6101.238
4146.574
3917.824
4163
4073
4891
5210
6125
6548
7515
7372
7217
6462
4436
4276
4271
4029
5374
5373
6577
6703
7783
7799
7464
6456
4545
4496
4535
4344
5409
6164
6183
6835
7908
8008
7701
6638
4702
4716
4506.445
3791.081
5040.633
5649.165
6215.831
7057.973
8185.583
8847.956
8356.022
7165.579
5321.95
5094.819
5190.53
5041.687
5918.381
6732.087
7357.987
7658.166
8718.022
9412.009
8861.438
7404.059
4980.79
5397.058
4928.413
4762.104
5756.632
6625.432
6990.159
7370.35
8929.152
9423.838
8491.501
7625.329
5294.738
5203.309
5163.096
5117.526
6662.115
6994.877
8039.537
8545.65
9960.301
9843.988
9451.961
8370.741
5668.171
5679.964
5653.453
5527.724
6875.238
8172.252
8482.08
9187.158
10305.756
10176.916
9962.562
8740.941
6083.996
6264.405
6071.756
6163.862
7620.178
8142.41
8771.28
9427.93
10426.554
10872.188
10321.864
9149.703
7013.768
6740.195
6568.88
6605.02
8570.633
8652.322
9684.008
10017.894
11180.068
11937.871
10888.535
9992.115
7471.512
7054.639
6963.483
7066.94
8568.91
9767.819
10427.611
10727.32
11934.328
12605.93
11775.097
10995.389
8309.058
7664.154
7556.911
7743.746
9461.716
9936.343
11226.186
11606.042
13162.208
13489.955
12867.71
12336.939
9063.094
8059.135
7842.4743
8395.83
10536.867
11752.467
12313.854
13022.148
14665.364
14640.297
14225.278
13153.887
9509.38
8988.237
8682.637
8958.351
10981.678
12309.368
12720.211
13699.3
15020.608
15545.153
14640.37
12553.22
9223.447
8529.211
8278.8788
8850.406
11188.58
11206.861
12306.897
13158.164
14654.102
15669.514
14266.4
12825.905
9767.708
9169.472
9112.042
9368.681
11125.76
12270.279
13215.704
14264.087
15804.303
17284.538
14975.067
13783.381
10706.589
10077.87
9790.911
10819.733
12249.317
13120.006
14180.07
15124.119
17066.699
18184.897
16033.897
15099.018
11410.119
10993.996
10747.306
11128.854
13757.861
13831.725
15774.584
16444.455
19107.603
19760.248
17687.128
16382.76
12630.202
11963.81
11574.581
11745.307
14175.258
15943.015
16856.928
17958.286
19892.636
20545.543
18752.972
17398.766
13460.471
13107.569
12353.477
12819.163
15880.448
16909.762
17999.365
19526.941
22195.079
22690.697
20552.525
18825.999
14838.611
14053.575
13204.341
14113.899
16959.445
16498.283
18397.486
19204.834
21373.481
22149.939
18748.066
16792.154
12717.361
12138.765
10950.082
11515.591
13743.455
15675.873
16236.365
17562.243
20385.209
20986.88
17813.488
16381.174
12656.365
12417.764
11348.462
11713.119
14542.466
14366.948
16722.577
18124.434
21118.226
21733.689
18809.487
17787.73
13301.92
12132.304
12033.919
12247.88
15193.997
17287.127
17793.46
19354.199
22533.027
22742.487
20235.731
18199.905
13037.151
12631.956
11677.139
11545.229
14137.41
16037.778
17124.318
19093.121
21965.359
22057.063
19525.519
16914.149
11748.861
11325.38
10599.678
10367.114
13323.37
14786.518
16811.312
18484.405
20987.926
21492.783
18972.795
16827.532
12145.641
11660.125
10877.201
10691.727
13365.609
16174.338
17467.483
19375.564
21817.235
22841.106
19957.529
17667.71
12531.204
12180.394
11463.698
11391.178
14303.736
16751.246
18655.659
20085.996
23042.077
23930.073
20953.52
19076.049
13694.326
13279.06
12884.125
13242.486
16396
17917.743
20758.662
22246.903
25599.025
25749.15
23132.722
21384.251
15099.364
14952.222
14173.418
13917.853
17133.82
20963.759
22313.486
24427.099
27493.353
27361.047
25020.352
