109160
116058
111867
122252
115681
122918
119712
129681
122090
129886
126659
139414
130146
139348
135818
148730
140855
149501
145490
158470
153378
162400
158526
171946
166204
176003
171385
185936
178035
189241
183483
198529
191429
202696
196584
212763
204597
217279
210830
228714
220699
235441
227156
247270
239893
254684
245818
267579
257880
273403
262365
287159
270112
285574
272104
288435
261276
274445
262359
280972
260244
275125
263761
281805
260822
273442
261210
274975
255050
264226
255240
265299
248176
260104
252121
265292
249537
261898
255947
270438
258331
272683
266785
282199
266807
283826
276610
291279
277853
294620
